[n]	[m]	[probability]
1	4	0.626122
2	4	0.623772
3	9	0.866275
4	35	0.278507
5	22	0.821592
6	10	0.581541
7	6	0.901376
8	11	0.348327
9	6	0.438677
10	21	0.415649
11	17	0.502085
12	9	0.718159
13	16	0.490889
14	16	0.465489
15	40	0.481926
16	22	0.826729
17	23	0.233505
18	17	0.451600
19	19	0.327239
20	40	0.542991
21	40	0.454274
22	13	0.288830
23	20	0.210055
24	20	0.188040
25	46	0.694918
26	16	0.342459
27	35	0.368025
28	30	0.344392
29	31	0.248538
30	41	0.596120
31	35	0.331916
32	33	0.246406
33	32	0.608799
34	35	0.348991
35	40	0.452428
36	40	0.713026
37	46	0.612129
38	59	0.294069
39	50	0.601236
40	39	0.474363
41	46	0.331811
42	32	0.525866
43	56	0.710323
44	72	0.507179
45	67	0.290177
46	56	0.464916
47	45	0.742245
48	119	0.447441
49	136	0.604426
50	97	0.667985
51	53	0.485344
52	105	0.502566
53	54	0.525508
54	136	0.590255
55	89	0.314847
56	97	0.418072
57	81	0.366235
58	136	0.759096
59	51	0.571707
60	86	0.295331
61	52	0.291537
62	54	0.353182
63	52	0.399747
64	136	0.607401
65	54	0.612908
66	70	0.338104
67	55	0.361274
68	119	0.481561
69	84	0.514574
70	98	0.292095
71	87	0.322628
72	136	0.524515
73	57	0.800627
74	57	0.784396
75	73	0.419180
76	136	0.654828
77	55	0.408681
78	92	0.287749
79	45	0.489112
80	51	0.347115
81	133	0.560379
82	86	0.348434
83	105	0.890907
84	79	0.351903
85	51	0.422140
86	75	0.954344
87	133	0.455115
88	90	0.887824
89	119	0.403973
90	114	0.651443
91	152	0.325922
92	75	0.695784
93	127	0.334370
94	88	0.604238
95	90	0.956204
96	162	0.313349
97	84	0.617648
98	102	0.330002
99	154	0.576239
100	152	0.482755
101	116	0.394422
102	84	0.566732
103	91	0.682708
104	109	0.386900
105	154	0.707223
106	120	0.468431
107	137	0.476704
108	96	0.543036
109	108	0.334238
110	118	0.519549
111	116	0.487579
112	162	0.450673
113	137	0.578489
114	127	0.443528
115	96	0.462914
116	120	0.569738
117	118	0.347065
118	109	0.436166
119	127	0.355826
120	117	0.620434
121	117	0.620434
122	121	0.351267
123	164	0.303015
124	132	0.465552
125	75	0.383436
126	155	0.353394
127	115	0.517584
128	158	0.599113
129	164	0.457406
130	181	0.397383
131	130	0.465260
132	157	0.379632
133	178	0.748407
134	115	0.536846
135	167	0.442810
136	172	0.664045
137	156	0.847356
138	156	0.766437
139	217	0.474461
140	164	0.382928
141	121	0.491558
142	149	0.562276
143	186	0.454087
144	164	0.337061
145	230	0.280532
146	150	0.507534
147	122	0.286468
148	217	0.619786
149	147	0.681448
150	217	0.397708
151	217	0.501215
152	177	0.405993
153	181	0.522564
154	140	0.327710
155	248	0.503730
156	143	0.324617
157	150	0.568667
158	169	0.494271
159	157	0.536735
160	150	0.610978
161	202	0.482887
162	168	0.472327
163	230	0.422247
164	161	0.544386
165	157	0.651849
166	207	0.346014
167	175	0.398517
168	182	0.398467
169	157	0.553590
170	142	0.336104
171	315	0.363157
172	157	0.526453
173	139	0.405552
174	160	0.764713
175	151	0.446635
176	230	0.586212
177	151	0.287384
178	157	0.305580
179	248	0.760682
180	314	0.332369
181	207	0.731805
182	238	0.369219
183	151	0.389664
184	190	0.399263
185	186	0.437688
186	238	0.686996
187	170	0.350966
188	151	0.355657
189	315	0.396348
190	259	0.706939
191	233	0.480931
192	259	0.528773
193	237	0.421391
194	203	0.658811
195	171	0.384483
196	232	0.596565
197	183	0.332037
198	307	0.478284
199	315	0.517228
200	231	0.625310
201	366	0.400745
202	263	0.494163
203	366	0.470691
204	231	0.541353
205	242	0.547173
206	252	0.829500
207	366	0.558310
208	236	0.680366
209	307	0.424252
210	236	0.742199
211	246	0.345026
212	409	0.560432
213	344	0.210102
214	218	0.613041
215	225	0.448532
216	193	0.578101
217	237	0.447523
218	236	0.839261
219	193	0.680429
220	289	0.549125
221	236	0.979341
222	449	0.709969
223	409	0.283762
224	280	0.448882
225	246	0.290988
226	193	0.682577
227	289	0.622659
228	250	0.557102
229	193	0.571251
230	289	0.662468
231	318	0.668801
232	236	0.988188
233	286	0.722690
234	286	0.482519
235	345	0.571637
236	318	0.817163
237	291	0.489461
238	286	0.596453
239	280	0.458498
240	193	0.530910
241	311	0.386154
242	198	0.470710
243	449	0.634177
244	360	0.494928
245	373	0.399621
246	227	0.314956
247	368	0.381893
248	432	0.814695
249	262	0.253031
250	449	0.408243
251	262	0.275588
252	538	0.600068
253	291	0.514879
254	318	0.242394
255	432	0.758590
256	334	0.373408
257	289	0.574095
258	313	0.363181
259	345	0.503722
260	234	0.366784
261	198	0.686755
262	342	0.968242
263	408	0.421452
264	408	0.370797
265	334	0.335955
266	432	0.553266
267	291	0.412326
268	352	0.665690
269	283	0.375673
270	432	0.841387
271	348	0.512777
272	283	0.940465
273	373	0.577543
274	418	0.402404
275	495	0.640604
276	240	0.654098
277	408	0.817981
278	369	0.283477
279	386	0.475116
280	369	0.260140
281	355	0.562916
282	372	0.899710
283	212	0.644051
284	539	0.563629
285	359	0.666186
286	495	0.706447
287	372	0.910863
288	234	0.333649
289	359	0.661741
290	380	0.652221
291	480	0.644902
292	222	0.578158
293	495	0.750862
294	582	0.451019
295	336	0.490294
296	359	0.707490
297	495	0.703053
298	342	0.843125
299	359	0.612778
300	359	0.707672
301	296	0.398546
302	256	0.652250
303	404	0.406755
304	372	0.822214
305	372	0.461692
306	298	0.781266
307	452	0.298709
308	378	0.544354
309	523	0.701548
310	523	0.375893
311	408	0.475639
312	658	0.417082
313	631	0.388572
314	674	0.788174
315	625	0.832142
316	278	0.608858
317	616	0.580289
318	445	0.822156
319	604	0.515557
320	645	0.770790
321	387	0.645706
322	794	0.511527
323	476	0.338132
324	399	0.472001
325	789	0.752247
326	491	0.541404
327	399	0.503279
328	521	0.582266
329	674	0.654597
330	627	0.418841
331	523	0.657846
332	298	0.390818
333	200	0.441271
334	387	0.694413
335	617	0.433839
336	243	0.459483
337	643	0.330033
338	491	0.645859
339	641	0.350903
340	617	0.445854
341	630	0.412351
342	674	0.419615
343	621	0.734328
344	509	0.536900
345	674	0.712761
346	824	0.882183
347	474	0.401939
348	644	0.441491
349	303	0.278682
350	674	0.567718
351	213	0.287264
352	598	0.315803
353	663	0.390195
354	338	0.360841
355	480	0.378254
356	617	0.441439
357	523	0.377766
358	399	0.672890
359	339	0.481016
360	813	0.788151
361	485	0.696522
362	644	0.318468
363	644	0.336329
364	485	0.428601
365	273	0.466488
366	251	0.971881
367	832	0.570973
368	761	0.351106
369	221	0.252255
370	700	0.339189
371	643	0.456166
372	385	0.623689
373	247	0.425518
374	700	0.359360
375	650	0.382492
376	385	0.604366
377	445	0.875054
378	789	0.387892
379	696	0.475776
380	275	0.445862
381	339	0.338183
382	784	0.466536
383	332	0.326373
384	578	0.308723
385	406	0.375933
386	764	0.646177
387	488	0.417812
388	773	0.534452
389	288	0.300309
390	764	0.675566
391	390	0.400806
392	241	0.605244
393	640	0.353855
394	792	0.368482
395	388	0.365138
396	442	0.350309
397	275	0.447548
398	332	0.418158
399	288	0.292174
400	883	0.389127
401	689	0.322745
402	883	0.317032
403	784	0.389303
404	851	0.471507
405	509	0.375994
406	650	0.747271
407	721	0.475685
408	764	0.689486
409	520	0.651992
410	650	0.628022
411	650	0.739877
412	481	0.349094
413	491	0.422512
414	229	0.315450
415	491	0.874983
416	663	0.446219
417	390	0.443587
418	600	0.376465
419	1047	0.437533
420	288	0.809594
421	385	0.624319
422	256	0.307452
423	576	0.325658
424	643	0.750765
425	435	0.435720
426	773	0.584201
427	271	0.314947
428	241	0.483768
429	883	0.290895
430	904	0.576878
431	271	0.544910
432	481	0.426371
433	423	0.266226
434	271	0.564574
435	268	0.580870
436	713	0.595145
437	271	0.623841
438	854	0.576778
439	499	0.496405
440	697	0.188290
441	621	0.444051
442	508	0.876156
443	520	0.581524
444	271	0.461072
445	790	0.458541
446	491	0.778168
447	578	0.307252
448	871	0.385754
449	481	0.373306
450	514	0.540690
451	913	0.277735
452	600	0.452778
453	746	0.324224
454	850	0.556695
455	838	0.353921
456	533	0.425230
457	903	0.452918
458	524	0.472658
459	492	0.414456
460	936	0.872817
461	374	0.356735
462	790	0.502448
463	721	0.538481
464	515	0.528418
465	504	0.338587
466	917	0.405545
467	274	0.512749
468	838	0.356561
469	1047	0.971324
470	812	0.586682
471	297	0.534392
472	535	0.441285
473	269	0.908787
474	854	0.521896
475	911	0.260484
476	1047	0.995953
477	903	0.487301
478	459	0.199305
479	576	0.392399
480	540	0.465162
481	865	0.687095
482	871	0.411100
483	282	0.533781
484	269	0.886028
485	553	0.461519
486	713	0.406141
487	905	0.666841
488	468	0.711782
489	508	0.600755
490	727	0.200552
491	542	0.595677
492	512	0.380701
493	435	0.393695
494	329	0.637744
495	969	0.219612
496	600	0.393053
497	1034	0.510167
498	557	0.340996
499	910	0.579540
500	297	0.397106
501	912	0.402749
502	395	0.433226
503	928	0.542934
504	880	0.522739
505	297	0.613435
506	812	0.686135
507	928	0.628351
508	535	0.623485
509	453	0.350913
510	910	0.560055
511	546	0.421149
512	416	0.753926
513	910	0.594620
514	274	0.723031
515	496	0.462573
516	301	0.730022
517	297	0.594176
518	514	0.465345
519	553	0.322852
520	945	0.234375
521	544	0.257560
522	553	0.434065
523	905	0.464103
524	898	0.379638
525	530	0.386682
526	559	0.386362
527	542	0.734404
528	546	0.635869
529	559	0.343157
530	329	0.486726
531	540	0.551413
532	865	0.552166
533	1018	0.621497
534	1025	0.422141
535	622	0.773657
536	559	0.375512
537	450	0.363613
538	270	0.735497
539	479	0.285663
540	611	0.325538
541	506	0.285555
542	559	0.344559
543	910	0.408542
544	1025	0.505366
545	1047	0.986218
546	988	0.393139
547	1047	0.956193
548	636	0.586176
549	557	0.420065
550	865	0.552339
551	636	0.825873
552	771	0.293493
553	383	0.607458
554	893	0.544621
555	270	0.362389
556	265	0.915961
557	549	0.389748
558	879	0.438988
559	1000	0.835311
560	1010	0.293914
561	907	0.226886
562	907	0.354459
563	910	0.359869
564	805	0.267239
565	479	0.414991
566	1004	0.241816
567	614	0.310665
568	282	0.685646
569	622	0.980461
570	270	0.669771
571	346	0.474563
572	1186	0.423454
573	1021	0.411390
574	648	0.705480
575	574	0.432571
576	1004	0.344312
577	383	0.416380
578	555	0.690482
579	545	0.455770
580	1055	0.408431
581	1128	0.462620
582	1097	0.518957
583	394	0.429444
584	673	0.761337
585	925	0.405251
586	673	0.955213
587	301	0.717268
588	821	0.300986
589	672	0.792106
590	859	0.371509
591	269	0.404393
592	942	0.496144
593	555	0.625987
594	859	0.397175
595	401	0.794044
596	308	0.718682
597	1109	0.505023
598	817	0.670848
599	498	0.419476
600	1186	0.701425
601	370	0.373586
602	1055	0.526565
603	1132	0.743945
604	666	0.785048
605	1108	0.435278
606	692	0.421001
607	859	0.332297
608	686	0.336958
609	1010	0.258560
610	648	0.785440
611	651	0.612425
612	584	0.314160
613	687	0.214199
614	629	0.431055
615	669	0.815119
616	649	0.556476
617	379	0.711648
618	1124	0.249320
619	429	0.531255
620	646	0.351351
621	1186	0.602898
622	555	0.447448
623	350	0.345652
624	942	0.448008
625	1324	0.452111
626	1186	0.415154
627	379	0.531928
628	1093	0.853246
629	692	0.648282
630	1069	0.574117
631	690	0.594190
632	431	0.634227
633	991	0.513299
634	818	0.705611
635	1093	0.874140
636	401	0.704279
637	673	0.904029
638	279	0.508995
639	1084	0.407165
640	1052	0.466591
641	1016	0.325484
642	1117	0.732833
643	456	0.325996
644	734	0.288000
645	781	0.437112
646	817	0.619597
647	279	0.499645
648	779	0.437269
649	847	0.367846
650	890	0.922125
651	686	0.407018
652	818	0.816543
653	1250	0.425914
654	991	0.655432
655	673	0.803951
656	1183	0.399028
657	279	0.419312
658	1126	0.476047
659	323	0.389294
660	649	0.587020
661	511	0.646136
662	1204	0.687785
663	511	0.693657
664	890	0.912644
665	1084	0.983579
666	686	0.389739
667	511	0.665979
668	779	0.589819
669	1106	0.409620
670	687	0.441212
671	323	0.353295
672	776	0.434730
673	654	0.810912
674	396	0.326327
675	396	0.326327
676	398	0.737478
677	463	0.567792
678	1061	0.923862
679	463	0.789318
680	463	0.552330
681	1084	0.722549
682	987	0.967599
683	817	0.494516
684	612	0.428994
685	667	0.688958
686	463	0.431297
687	776	0.370778
688	654	0.694742
689	687	0.332831
690	714	0.866631
691	714	0.992171
692	1361	0.413128
693	1361	0.717897
694	1337	0.515779
695	1193	0.341799
696	389	0.572123
697	580	0.684176
698	688	0.599921
699	654	0.492555
700	1224	0.385980
701	1228	0.443506
702	1166	0.825025
703	987	0.856152
704	704	0.360103
705	1207	0.418146
706	666	0.886613
707	398	0.852249
708	752	0.536521
709	737	0.260986
710	398	0.517218
711	711	0.344352
712	1105	0.680777
713	1324	0.672128
714	756	0.286332
715	1361	0.923199
716	1296	0.932348
717	987	0.731042
718	733	0.407447
719	1131	0.342837
720	1265	0.430067
721	748	0.398337
722	1309	0.659961
723	796	0.393143
724	1108	0.769183
725	657	0.249807
726	1152	0.958830
727	398	0.625484
728	1207	0.477491
729	1265	0.479853
730	1218	0.552492
731	740	0.340008
732	818	0.421497
733	1188	0.485477
734	398	0.796555
735	1390	0.323246
736	914	0.528599
737	756	0.313765
738	1224	0.430593
739	1417	0.450548
740	1318	0.328254
741	776	0.262465
742	1263	0.429998
743	1228	0.541459
744	1207	0.418438
745	666	0.829109
746	319	0.187306
747	886	0.642293
748	441	0.625652
749	1139	0.619775
750	706	0.666167
751	952	0.704062
752	734	0.720840
753	1241	0.974985
754	1263	0.637262
755	970	0.481132
756	671	0.284973
757	634	0.579518
758	864	0.836920
759	802	0.343559
760	938	0.880400
761	970	0.835754
762	1337	0.796130
763	705	0.436420
764	1337	0.851927
765	402	0.515694
766	843	0.921900
767	1313	0.463009
768	568	0.582427
769	1390	0.395997
770	1112	0.971159
771	1224	0.473335
772	1263	0.572301
773	984	0.474723
774	1054	0.586658
775	1241	0.912192
776	1300	0.985965
777	1152	0.907987
778	1218	0.576382
779	588	0.426475
780	705	0.759748
781	989	0.717104
782	417	0.451935
783	1218	0.370025
784	1077	0.625114
785	632	0.352249
786	1361	0.420239
787	958	0.511411
788	1371	0.994692
789	427	0.616612
790	1337	0.438200
791	634	0.582508
792	1262	0.374442
793	908	0.676043
794	532	0.245238
795	1417	0.867428
796	579	0.301445
797	1411	0.513968
798	1417	0.771654
799	1371	0.991018
800	1076	0.372317
801	1410	0.376157
802	866	0.661372
803	1035	0.364621
804	568	0.607622
805	444	0.475132
806	1077	0.694189
807	1273	0.588145
808	843	0.401755
809	532	0.463209
810	1360	0.481943
811	1152	0.595416
812	1401	0.915581
813	1096	0.410130
814	799	0.414747
815	1350	0.434870
816	1110	0.437694
817	1166	0.585720
818	1459	0.535198
819	966	0.347600
820	961	0.590330
821	724	0.797448
822	1313	0.694482
823	1110	0.432212
824	1263	0.430214
825	918	0.559311
826	1096	0.374202
827	1102	0.765537
828	1110	0.480674
829	575	0.318844
830	1273	0.701995
831	1076	0.521396
832	1333	0.368377
833	417	0.864010
834	1017	0.869513
835	1017	0.783086
836	467	0.304899
837	467	0.304899
838	566	0.288530
839	1401	0.914269
840	1333	0.476995
841	1459	0.474015
842	1360	0.453759
843	1353	0.574639
844	1102	0.933604
845	1096	0.351819
846	1330	0.549752
847	993	0.787309
848	1076	0.339007
849	1300	0.962040
850	965	0.501900
851	966	0.290850
852	1342	0.330536
853	1273	0.723907
854	1054	0.954513
855	1411	0.473152
856	579	0.399458
857	1372	0.535198
858	1333	0.619626
859	444	0.530972
860	1112	0.963530
861	705	0.425216
862	484	0.389055
863	1273	0.531126
864	1466	0.439939
865	1077	0.718684
866	1638	0.590322
867	1156	0.924373
868	634	0.296732
869	417	0.941136
870	497	0.610861
871	563	0.773692
872	1054	0.528648
873	1511	0.386654
874	1469	0.553508
875	1412	0.468675
876	738	0.342700
877	705	0.803103
878	1466	0.358214
879	1412	0.465833
880	1457	0.286357
881	973	0.812861
882	1191	0.722355
883	1375	0.317825
884	1504	0.928397
885	944	0.705067
886	1504	0.761906
887	1257	0.635870
888	634	0.356042
889	1466	0.316808
890	918	0.754049
891	1175	0.444517
892	507	0.661135
893	1437	0.469018
894	1375	0.280200
895	1562	0.949212
896	534	0.372504
897	1064	0.380325
898	465	0.540240
899	993	0.893392
900	1384	0.494443
901	918	0.793465
902	1457	0.403457
903	1466	0.404856
904	1197	0.303443
905	924	0.648845
906	1466	0.418768
907	1048	0.594503
908	1125	0.302477
909	1038	0.655756
910	1404	0.265098
911	1175	0.427918
912	550	0.585321
913	961	0.652040
914	1454	0.287858
915	482	0.663793
916	1454	0.381685
917	1455	0.964547
918	1477	0.261495
919	1504	0.655528
920	1305	0.443495
921	1054	0.496747
922	527	0.683377
923	1174	0.272656
924	1054	0.813415
925	1575	0.996664
926	1175	0.402090
927	921	0.718637
928	1672	0.602967
929	486	0.329828
930	1504	0.815416
931	482	0.477116
932	798	0.476768
933	558	0.432991
934	1437	0.433523
935	1478	0.220669
936	1090	0.410683
937	1562	0.984739
938	1019	0.661638
939	1038	0.677352
940	861	0.547936
941	1013	0.687372
942	1140	0.742054
943	1451	0.546280
944	1427	0.486329
945	1563	0.495196
946	1140	0.829697
947	676	0.478090
948	1191	0.600190
949	626	0.481001
950	1111	0.332285
951	965	0.459073
952	815	0.350540
953	478	0.558105
954	1295	0.298439
955	1068	0.894633
956	1107	0.409978
957	1230	0.414670
958	1194	0.773828
959	486	0.317598
960	735	0.678021
961	1487	0.278557
962	1242	0.415501
963	1455	0.761390
964	550	0.724809
965	1006	0.543851
966	1070	0.725967
967	1503	0.335123
968	1310	0.537893
969	1427	0.360174
970	482	0.588972
971	1170	0.353605
972	1562	0.641963
973	869	0.475164
974	1515	0.843420
975	1383	0.306970
976	1059	0.540477
977	1310	0.516282
978	1563	0.933199
979	1191	0.795810
980	1515	0.763271
981	735	0.689645
982	1075	0.778896
983	1589	0.633282
984	436	0.265490
985	1602	0.360605
986	897	0.432935
987	1230	0.314600
988	1565	0.677268
989	897	0.335508
990	861	0.726463
991	436	0.245221
992	1140	0.766751
993	1081	0.711192
994	684	0.345166
995	501	0.414412
996	436	0.311661
997	1383	0.616360
998	548	0.382693
999	943	0.298108
1000	1325	0.511342
1001	1059	0.945555
1002	1220	0.716175
1003	816	0.583619
1004	1749	0.623594
1005	1564	0.384350
1006	548	0.435027
1007	430	0.263561
1008	1119	0.479773
1009	857	0.427283
1010	1335	0.996225
1011	1618	0.434430
1012	1782	0.905802
1013	1223	0.568836
1014	1223	0.568836
1015	897	0.331493
1016	436	0.318697
1017	1335	0.996571
1018	735	0.362091
1019	831	0.428021
1020	897	0.254652
1021	1216	0.487749
1022	1216	0.487749
1023	1325	0.567690
1024	1383	0.443193
1025	1424	0.550620
1026	1195	0.366688
1027	1195	0.366688
1028	1469	0.729284
1029	1013	0.661470
1030	1424	0.541974
1031	715	0.680849
1032	1515	0.466254
1033	562	0.501856
1034	1761	0.351195
1035	1827	0.438636
1036	1565	0.811509
1037	1615	0.544168
1038	501	0.525586
1039	1548	0.966611
1040	1651	0.810512
1041	1295	0.310032
1042	1295	0.310032
1043	1195	0.317308
1044	1383	0.484562
1045	1578	0.521452
1046	1019	0.540216
1047	715	0.634996
1048	715	0.538864
1049	1414	0.651576
1050	1600	0.502820
1051	1335	0.836871
1052	1627	0.554855
1053	1535	0.528294
1054	1651	0.922958
1055	1772	0.468044
1056	1223	0.655292
1057	701	0.522923
1058	1252	0.609622
1059	589	0.295551
1060	1013	0.900415
1061	1414	0.737539
1062	1220	0.474219
1063	1535	0.499514
1064	1223	0.826913
1065	1749	0.253487
1066	857	0.522844
1067	1517	0.329772
1068	433	0.457479
1069	831	0.444416
1070	1535	0.519229
1071	1252	0.926930
1072	1512	0.328544
1073	967	0.335313
1074	1535	0.518243
1075	1119	0.468838
1076	895	0.716835
1077	701	0.528970
1078	1070	0.387606
1079	1003	0.806840
1080	1003	0.806632
1081	589	0.363076
1082	1615	0.507047
1083	1243	0.287180
1084	1620	0.541322
1085	1600	0.624042
1086	1448	0.234330
1087	586	0.742637
1088	1589	0.377193
1089	693	0.458054
1090	1216	0.502032
1091	1335	0.706219
1092	1603	0.381090
1093	1003	0.848489
1094	1615	0.956497
1095	1578	0.937803
1096	1575	0.761707
1097	1650	0.489689
1098	729	0.422756
1099	1396	0.484389
1100	1578	0.579046
1101	1095	0.653364
1102	1512	0.662851
1103	1267	0.528853
1104	1650	0.673505
1105	1374	0.641516
1106	543	0.382074
1107	1728	0.505239
1108	1323	0.406069
1109	586	0.850416
1110	603	0.367095
1111	647	0.317468
1112	433	0.549624
1113	1334	0.551824
1114	1736	0.933243
1115	1383	0.382678
1116	1252	0.817517
1117	1235	0.402836
1118	1519	0.563214
1119	723	0.323908
1120	586	0.492098
1121	1514	0.366526
1122	1984	0.844433
1123	1728	0.534573
1124	777	0.313313
1125	1336	0.695243
1126	583	0.558476
1127	1521	0.545756
1128	1474	0.490795
1129	1322	0.620015
1130	1994	0.556458
1131	1650	0.706084
1132	603	0.405606
1133	1334	0.598051
1134	1784	0.373886
1135	1861	0.617334
1136	937	0.308586
1137	1024	0.681756
1138	1413	0.342093
1139	1615	0.694172
1140	819	0.470072
1141	1336	0.625497
1142	500	0.635873
1143	1461	0.416219
1144	1334	0.543638
1145	1728	0.716040
1146	1578	0.553492
1147	2072	0.341603
1148	1749	0.982935
1149	916	0.228383
1150	819	0.351392
1151	1408	0.619978
1152	1121	0.654615
1153	1782	0.988465
1154	1744	0.607548
1155	1749	0.993991
1156	1146	0.446644
1157	605	0.388936
1158	1311	0.856939
1159	1736	0.941155
1160	1286	0.894608
1161	1861	0.650659
1162	1760	0.958464
1163	525	0.568068
1164	1727	0.940759
1165	1189	0.490420
1166	1731	0.751744
1167	1666	0.538583
1168	751	0.638877
1169	1541	0.586399
1170	1436	0.351381
1171	1460	0.321162
1172	1485	0.574893
1173	797	0.431298
1174	1710	0.339275
1175	1235	0.476418
1176	1020	0.452345
1177	1189	0.613801
1178	505	0.307939
1179	1819	0.654189
1180	1343	0.592134
1181	1736	0.860485
1182	1608	0.593100
1183	1736	0.792099
1184	1571	0.311870
1185	1274	0.627773
1186	1566	0.883678
1187	1891	0.810374
1188	1461	0.300687
1189	1502	0.798802
1190	585	0.774581
1191	1020	0.323416
1192	1854	0.760970
1193	1744	0.739087
1194	811	0.323285
1195	1710	0.263405
1196	1854	0.707818
1197	1776	0.735462
1198	1282	0.497081
1199	1891	0.790021
1200	1282	0.565932
1201	1819	0.601473
1202	1475	0.290886
1203	1791	0.771351
1204	2046	0.584684
1205	1322	0.336796
1206	1775	0.525443
1207	1608	0.676281
1208	1782	0.830441
1209	1891	0.819121
1210	1282	0.504509
1211	1791	0.522249
1212	1758	0.755253
1213	1665	0.411443
1214	1819	0.358117
1215	1328	0.753550
1216	1744	0.732436
1217	1714	0.391138
1218	1400	0.413181
1219	1382	0.383771
1220	1571	0.527267
1221	1731	0.751942
1222	1460	0.440198
1223	1338	0.357045
1224	1460	0.686702
1225	1679	0.501222
1226	1776	0.804401
1227	1791	0.844249
1228	1808	0.598362
1229	1716	0.400747
1230	1581	0.520203
1231	628	0.253783
1232	519	0.526419
1233	1775	0.674527
1234	1794	0.700305
1235	519	0.481888
1236	1248	0.606582
1237	2065	0.375845
1238	894	0.357291
1239	1576	0.720785
1240	1311	0.508156
1241	519	0.539276
1242	1338	0.306831
1243	1679	0.548812
1244	564	0.669370
1245	1594	0.432431
1246	1030	0.483655
1247	1732	0.503083
1248	519	0.537579
1249	564	0.599857
1250	1794	0.758348
1251	1775	0.770562
1252	1662	0.453794
1253	1710	0.370952
1254	1707	0.323378
1255	1460	0.792092
1256	1758	0.788224
1257	1727	0.528306
1258	976	0.400762
1259	1776	0.680873
1260	1065	0.552956
1261	1776	0.770165
1262	1359	0.643056
1263	1065	0.683148
1264	751	0.632092
1265	1784	0.539643
1266	1322	0.866757
1267	570	0.319055
1268	1484	0.375861
1269	565	0.464187
1270	564	0.457911
1271	1887	0.545485
1272	1479	0.309502
1273	1803	0.877310
1274	1744	0.618161
1275	1566	0.628622
1276	1294	0.269018
1277	1355	0.229211
1278	1705	0.449288
1279	1710	0.435342
1280	1748	0.540683
1281	1294	0.320143
1282	1359	0.580968
1283	1759	0.373222
1284	1581	0.413724
1285	976	0.491255
1286	1594	0.554575
1287	1662	0.494896
1288	736	0.409683
1289	1460	0.718478
1290	596	0.572721
1291	1355	0.401923
1292	2012	0.281020
1293	596	0.627966
1294	1586	0.490713
1295	1803	0.644809
1296	1392	0.505249
1297	2072	0.366038
1298	1714	0.472898
1299	1830	0.927330
1300	1727	0.804547
1301	1322	0.780868
1302	1443	0.482007
1303	953	0.376999
1304	1127	0.807355
1305	1445	0.548846
1306	1213	0.403956
1307	564	0.618457
1308	1858	0.497055
1309	1213	0.344827
1310	1392	0.411368
1311	1484	0.444414
1312	2065	0.421390
1313	1351	0.880932
1314	1475	0.259610
1315	1531	0.754771
1316	633	0.492495
1317	1392	0.377732
1318	1356	0.484320
1319	2046	0.569158
1320	1594	0.707938
1321	939	0.580903
1322	680	0.306721
1323	736	0.388850
1324	1737	0.344547
1325	1705	0.502862
1326	830	0.431233
1327	1253	0.363900
1328	1850	0.324558
1329	736	0.458348
1330	994	0.267966
1331	1357	0.583118
1332	1810	0.911300
1333	678	0.375682
1334	770	0.325162
1335	1871	0.387167
1336	2012	0.484364
1337	1759	0.483481
1338	1621	0.443808
1339	1830	0.810131
1340	1645	0.633005
1341	1830	0.659614
1342	1858	0.835904
1343	1362	0.548166
1344	1357	0.870354
1345	1508	0.478308
1346	808	0.164047
1347	1253	0.298261
1348	1904	0.512996
1349	2081	0.980789
1350	1828	0.425970
1351	2100	0.426848
1352	1904	0.428279
1353	1822	0.610577
1354	596	0.491050
1355	1864	0.334401
1356	1664	0.356191
1357	976	0.167625
1358	1136	0.561768
1359	668	0.590504
1360	1494	0.659413
1361	1829	0.457617
1362	808	0.170671
1363	677	0.686670
1364	1670	0.508097
1365	953	0.651676
1366	655	0.487676
1367	736	0.306637
1368	2100	0.620390
1369	677	0.836921
1370	1885	0.695520
1371	1648	0.294295
1372	1543	0.721249
1373	1955	0.403849
1374	1423	0.549513
1375	2008	0.498842
1376	2046	0.685629
1377	1938	0.354717
1378	1924	0.444016
1379	2112	0.415375
1380	1688	0.917162
1381	1840	0.524493
1382	1645	0.659813
1383	839	0.673408
1384	1681	0.465918
1385	953	0.553573
1386	1387	0.275913
1387	635	0.244945
1388	2081	0.978914
1389	2103	0.319641
1390	1870	0.635852
1391	1962	0.593979
1392	662	0.770112
1393	683	0.360361
1394	1439	0.320947
1395	1870	0.567318
1396	1940	0.627123
1397	839	0.655386
1398	1924	0.503217
1399	1829	0.687439
1400	1982	0.311012
1401	2159	0.523835
1402	1543	0.910520
1403	1594	0.689851
1404	1558	0.440484
1405	1681	0.504303
1406	1607	0.264396
1407	1730	0.372415
1408	2046	0.604462
1409	1290	0.527598
1410	1595	0.724160
1411	2123	0.700842
1412	1993	0.855887
1413	1935	0.559347
1414	1472	0.507702
1415	2032	0.343370
1416	1935	0.454370
1417	2129	0.721703
1418	853	0.199253
1419	1938	0.456467
1420	1862	0.541542
1421	823	0.473563
1422	1941	0.400277
1423	2086	0.652128
1424	2027	0.400881
1425	2089	0.691509
1426	1688	0.780221
1427	852	0.296579
1428	1595	0.744554
1429	1978	0.886011
1430	862	0.457277
1431	899	0.290104
1432	1509	0.479895
1433	1915	0.810079
1434	1626	0.457053
1435	881	0.249825
1436	1925	0.341833
1437	1866	0.561218
1438	1916	0.523302
1439	1746	0.701773
1440	1935	0.435518
1441	1913	0.568573
1442	1595	0.368654
1443	783	0.453893
1444	1746	0.620549
1445	1701	0.812126
1446	1916	0.376002
1447	2128	0.532312
1448	1647	0.351164
1449	2089	0.549159
1450	2025	0.282162
1451	1955	0.595052
1452	855	0.651255
1453	2133	0.480746
1454	1935	0.421464
1455	2108	0.902720
1456	2076	0.343506
1457	681	0.968176
1458	670	0.440617
1459	1866	0.915034
1460	2077	0.342027
1461	2089	0.622773
1462	899	0.375310
1463	2081	0.932956
1464	1885	0.432864
1465	1866	0.852167
1466	1943	0.634109
1467	2027	0.666641
1468	1163	0.451509
1469	1903	0.661910
1470	1857	0.539647
1471	1906	0.569640
1472	2110	0.616116
1473	835	0.222724
1474	1866	0.825098
1475	1001	0.542190
1476	853	0.270082
1477	1543	0.815803
1478	1857	0.617426
1479	1163	0.454279
1480	681	0.958956
1481	2027	0.584925
1482	2027	0.433336
1483	1626	0.377951
1484	1663	0.367826
1485	1919	0.437890
1486	1678	0.951202
1487	855	0.472320
1488	1653	0.499031
1489	2080	0.841654
1490	1678	0.887124
1491	2058	0.247692
1492	1678	0.932769
1493	745	0.714619
1494	901	0.220772
1495	1698	0.942931
1496	1698	0.537060
1497	1890	0.722203
1498	899	0.370541
1499	1913	0.391357
1500	1826	0.987112
1501	863	0.313603
1502	1826	0.882317
1503	901	0.314802
1504	1698	0.955583
1505	2052	0.303622
1506	1654	0.341792
1507	1774	0.306443
1508	1708	0.456855
1509	1897	0.592530
1510	1663	0.343655
1511	2027	0.344758
1512	1909	0.604793
1513	745	0.785382
1514	1438	0.266716
1515	881	0.347622
1516	783	0.466721
1517	1926	0.379143
1518	881	0.341437
1519	1909	0.635582
1520	1919	0.417551
1521	1219	0.493324
1522	2117	0.345383
1523	1909	0.426424
1524	2133	0.388751
1525	2028	0.612434
1526	1919	0.452067
1527	1929	0.336959
1528	855	0.399439
1529	1926	0.366195
1530	1387	0.398622
1531	1884	0.663446
1532	744	0.369377
1533	1873	0.991674
1534	1604	0.796422
1535	1604	0.506801
1536	2157	0.339019
1537	1955	0.620879
1538	1928	0.348255
1539	1101	0.441548
1540	1698	0.929483
1541	2038	0.513694
1542	1944	0.571271
1543	1857	0.534847
1544	1957	0.337441
1545	1587	0.851899
1546	1612	0.774054
1547	1604	0.811333
1548	758	0.494269
1549	849	0.758126
1550	2313	0.953992
1551	783	0.888125
1552	962	0.544667
1553	1763	0.466319
1554	1909	0.431965
1555	1899	0.553993
1556	2171	0.395195
1557	1899	0.609598
1558	1893	0.420444
1559	1612	0.707293
1560	2163	0.570271
1561	637	0.218169
1562	1158	0.556082
1563	1574	0.875060
1564	1698	0.982838
1565	2029	0.321497
1566	1604	0.366379
1567	2119	0.501972
1568	2081	0.793253
1569	1967	0.302068
1570	835	0.399546
1571	2157	0.570868
1572	2016	0.409001
1573	1865	0.675941
1574	1604	0.496829
1575	2144	0.720617
1576	1217	0.351346
1577	2036	0.385741
1578	2114	0.255570
1579	2108	0.779740
1580	2021	0.380682
1581	2157	0.451248
1582	1957	0.366465
1583	1905	0.818011
1584	1893	0.545786
1585	2055	0.459981
1586	1506	0.390105
1587	2038	0.674137
1588	2088	0.303847
1589	2028	0.706432
1590	2049	0.906643
1591	1570	0.884471
1592	1172	0.589142
1593	2090	0.288688
1594	1219	0.489380
1595	1675	0.482523
1596	1685	0.717852
1597	2108	0.505131
1598	2315	0.943708
1599	1290	0.891225
1600	2128	0.376343
1601	2038	0.677659
1602	2088	0.521258
1603	853	0.216234
1604	878	0.275719
1605	745	0.994682
1606	878	0.434551
1607	1996	0.546503
1608	1103	0.434771
1609	758	0.831578
1610	826	0.738480
1611	2184	0.532922
1612	1856	0.543923
1613	2024	0.442986
1614	1895	0.627787
1615	2060	0.648655
1616	2229	0.488045
1617	2229	0.420390
1618	983	0.597209
1619	2083	0.459551
1620	2055	0.530348
1621	1919	0.331415
1622	2193	0.513415
1623	1779	0.791181
1624	1725	0.416206
1625	1892	0.665409
1626	2053	0.842139
1627	1675	0.399317
1628	2137	0.350149
1629	1895	0.594280
1630	1937	0.718194
1631	2171	0.474966
1632	1723	0.480164
1633	2084	0.297565
1634	1937	0.916198
1635	1655	0.489064
1636	889	0.396884
1637	2242	0.259393
1638	1929	0.889546
1639	826	0.861676
1640	1133	0.346903
1641	2206	0.475014
1642	2134	0.347507
1643	1719	0.334628
1644	1315	0.877730
1645	1678	0.627037
1646	2206	0.452516
1647	2374	0.391806
1648	901	0.191414
1649	1678	0.333662
1650	2153	0.442962
1651	1937	0.925119
1652	1549	0.706314
1653	2157	0.507152
1654	1863	0.353928
1655	1678	0.910847
1656	2173	0.480893
1657	1937	0.927206
1658	1806	0.593930
1659	972	0.653399
1660	2229	0.704054
1661	2315	0.625271
1662	1806	0.799009
1663	1663	0.503515
1664	873	0.449054
1665	1118	0.338587
1666	902	0.310425
1667	2215	0.261909
1668	2135	0.739403
1669	2217	0.291433
1670	2278	0.447133
1671	2168	0.214157
1672	2107	0.783382
1673	889	0.335851
1674	2172	0.739371
1675	1868	0.639872
1676	1058	0.317745
1677	1260	0.807734
1678	2174	0.427196
1679	2144	0.551270
1680	2069	0.795548
1681	1977	0.206908
1682	1570	0.353846
1683	2122	0.357553
1684	1036	0.558182
1685	757	0.277858
1686	972	0.888319
1687	983	0.610215
1688	758	0.419077
1689	2164	0.290037
1690	972	0.752995
1691	730	0.974859
1692	2273	0.328427
1693	1570	0.596002
1694	1570	0.608248
1695	1315	0.437591
1696	2164	0.251424
1697	1894	0.985120
1698	1655	0.321776
1699	1868	0.752958
1700	2018	0.411644
1701	1444	0.496861
1702	2093	0.519033
1703	1036	0.766241
1704	1839	0.521169
1705	1667	0.442587
1706	2174	0.442725
1707	2248	0.694370
1708	1796	0.394494
1709	2057	0.634978
1710	2283	0.328181
1711	1078	0.323402
1712	2059	0.588774
1713	1987	0.324161
1714	1852	0.976944
1715	2263	0.427702
1716	2228	0.314980
1717	2335	0.246241
1718	1838	0.725762
1719	2143	0.291400
1720	1292	0.891518
1721	2284	0.812167
1722	2172	0.406198
1723	874	0.923858
1724	1852	0.965362
1725	2184	0.612742
1726	2303	0.383304
1727	1240	0.472827
1728	920	0.402868
1729	2122	0.757934
1730	2374	0.527932
1731	2205	0.685050
1732	1007	0.520929
1733	2142	0.546943
1734	2135	0.527266
1735	972	0.389634
1736	2356	0.471663
1737	1180	0.587560
1738	1144	0.734891
1739	1036	0.555308
1740	1072	0.552919
1741	2356	0.476026
1742	2135	0.491022
1743	2122	0.681312
1744	2040	0.395344
1745	2346	0.441061
1746	2335	0.461371
1747	1249	0.388592
1748	1894	0.555238
1749	2231	0.536623
1750	2130	0.459627
1751	2205	0.837245
1752	968	0.620818
1753	2057	0.431665
1754	1083	0.429999
1755	2057	0.764072
1756	2585	0.682144
1757	1292	0.601738
1758	826	0.936110
1759	2356	0.680274
1760	826	0.404853
1761	1087	0.467758
1762	1113	0.469033
1763	2122	0.931134
1764	1134	0.782807
1765	1072	0.608668
1766	2609	0.907567
1767	2075	0.556040
1768	1103	0.395054
1769	763	0.545728
1770	1315	0.794350
1771	1613	0.336487
1772	1796	0.882504
1773	2240	0.200518
1774	730	0.802884
1775	1249	0.448554
1776	1137	0.924164
1777	2616	0.593359
1778	1151	0.513915
1779	1151	0.641628
1780	2592	0.587303
1781	2585	0.875571
1782	763	0.888145
1783	1972	0.370106
1784	1907	0.639287
1785	1613	0.333872
1786	2356	0.802745
1787	2264	0.456796
1788	2231	0.774983
1789	2304	0.671992
1790	2585	0.641341
1791	1249	0.477781
1792	1660	0.342569
1793	2585	0.802173
1794	1743	0.156188
1795	1631	0.325054
1796	2633	0.769918
1797	2142	0.770634
1798	1975	0.324082
1799	2335	0.883514
1800	2616	0.577424
1801	2149	0.342464
1802	1088	0.697949
1803	2231	0.996747
1804	2605	0.818122
1805	1839	0.851103
1806	2263	0.487191
1807	750	0.311173
1808	2267	0.453698
1809	1907	0.520373
1810	1605	0.710738
1811	1137	0.873528
1812	1839	0.825112
1813	1839	0.825112
1814	2214	0.364258
1815	968	0.585076
1816	1951	0.403267
1817	1793	0.464848
1818	2264	0.572378
1819	1201	0.550269
1820	2045	0.598786
1821	2609	0.974212
1822	2649	0.551043
1823	1882	0.371824
1824	2397	0.431739
1825	2263	0.493857
1826	2592	0.827404
1827	2401	0.993456
1828	1798	0.526262
1829	2167	0.775201
1830	2284	0.951609
1831	2045	0.418995
1832	1839	0.596959
1833	1040	0.895077
1834	1914	0.547132
1835	1040	0.901345
1836	2228	0.377255
1837	1366	0.702543
1838	1631	0.298098
1839	2235	0.271950
1840	2592	0.737419
1841	1946	0.377604
1842	1882	0.442665
1843	2309	0.570744
1844	786	0.473303
1845	2167	0.776217
1846	2609	0.436464
1847	1087	0.404855
1848	1040	0.580820
1849	1040	0.725644
1850	1570	0.451662
1851	2228	0.477491
1852	1201	0.523605
1853	2231	0.916253
1854	1319	0.527489
1855	874	0.754390
1856	2401	0.959913
1857	2167	0.718955
1858	1366	0.880142
1859	1134	0.417712
1860	826	0.948734
1861	1590	0.409405
1862	2312	0.794796
1863	1366	0.876042
1864	2348	0.496088
1865	1914	0.683417
1866	1072	0.426767
1867	2350	0.418930
1868	2404	0.812563
1869	786	0.549484
1870	2350	0.318861
1871	768	0.718671
1872	932	0.388797
1873	2264	0.427938
1874	1525	0.322567
1875	2633	0.658195
1876	2033	0.340688
1877	2309	0.655411
1878	2403	0.303319
1879	2446	0.740064
1880	2456	0.722093
1881	2592	0.714219
1882	2389	0.334106
1883	2256	0.501299
1884	2633	0.915261
1885	1883	0.597416
1886	1765	0.331610
1887	1878	0.357695
1888	932	0.393181
1889	1838	0.377226
1890	1918	0.395546
1891	874	0.728792
1892	2308	0.442128
1893	1468	0.408958
1894	1914	0.746599
1895	2305	0.840753
1896	1901	0.413046
1897	2376	0.262193
1898	2311	0.472054
1899	858	0.327605
1900	2216	0.386005
1901	1918	0.454885
1902	2605	0.844097
1903	1605	0.883981
1904	1867	0.295393
1905	990	0.968625
1906	1590	0.531881
1907	2284	0.769506
1908	2401	0.942694
1909	2321	0.484086
1910	2356	0.325924
1911	2318	0.486626
1912	990	0.976826
1913	2175	0.511915
1914	2446	0.862371
1915	2417	0.532839
1916	2386	0.461858
1917	2318	0.595227
1918	2446	0.460907
1919	2404	0.941164
1920	2389	0.650328
1921	2401	0.993476
1922	1314	0.509944
1923	1094	0.377360
1924	1846	0.731873
1925	2404	0.990821
1926	2440	0.339747
1927	2045	0.336269
1928	1902	0.601481
1929	2408	0.361621
1930	2354	0.848337
1931	2357	0.484492
1932	1883	0.480583
1933	2045	0.502922
1934	2401	0.981062
1935	2361	0.299656
1936	2289	0.838564
1937	1331	0.553595
1938	1347	0.630551
1939	1398	0.481285
1940	1605	0.651990
1941	1846	0.485129
1942	1726	0.396456
1943	1540	0.824404
1944	2375	0.519818
1945	1540	0.872048
1946	1134	0.713239
1947	2305	0.757574
1948	2175	0.779407
1949	2160	0.579989
1950	1009	0.604616
1951	2277	0.242698
1952	2417	0.477802
1953	1345	0.657195
1954	2404	0.987896
1955	1291	0.684004
1956	2354	0.865419
1957	2364	0.714062
1958	1345	0.472573
1959	2005	0.305482
1960	2160	0.567673
1961	1605	0.923646
1962	1287	0.627723
1963	1540	0.797393
1964	1398	0.396763
1965	2064	0.414788
1966	2118	0.423963
1967	1029	0.829844
1968	2375	0.563838
1969	1331	0.425442
1970	1151	0.502719
1971	2062	0.606724
1972	1199	0.690461
1973	1831	0.518813
1974	2306	0.446024
1975	2656	0.583731
1976	2354	0.864703
1977	1527	0.619993
1978	2647	0.429876
1979	2364	0.560308
1980	2633	0.483068
1981	1256	0.736752
1982	2417	0.803885
1983	2417	0.795812
1984	2458	0.665470
1985	1314	0.852340
1986	1496	0.400540
1987	1029	0.848459
1988	1556	0.794053
1989	1287	0.586543
1990	2473	0.559022
1991	2160	0.828463
1992	2398	0.329775
1993	2354	0.934651
1994	1147	0.392995
1995	1617	0.431642
1996	2318	0.525366
1997	990	0.959468
1998	1523	0.475692
1999	1983	0.891362
2000	2414	0.363234
2001	2458	0.368920
2002	2495	0.305734
2003	2068	0.330958
2004	1556	0.527650
2005	1811	0.558930
2006	844	0.658820
2007	1470	0.773277
2008	2122	0.623268
2009	1800	0.654991
2010	1713	0.406808
2011	2631	0.640587
2012	1470	0.960631
2013	2334	0.414790
2014	2694	0.532518
2015	1786	0.374363
2016	1598	0.675464
2017	2405	0.424948
2018	1983	0.870353
2019	2006	0.276381
2020	2495	0.344457
2021	1598	0.822823
2022	856	0.846721
2023	2631	0.454298
2024	2436	0.401521
2025	2664	0.346431
2026	1468	0.615139
2027	2474	0.624611
2028	1959	0.402522
2029	2473	0.486703
2030	2097	0.326386
2031	2519	0.217955
2032	1855	0.352930
2033	1009	0.741730
2034	1788	0.567710
2035	1855	0.425637
2036	1788	0.580113
2037	2711	0.300111
2038	1960	0.367447
2039	2306	0.546579
2040	1960	0.429793
2041	1284	0.798614
2042	2351	0.375895
2043	2694	0.598405
2044	2470	0.573377
2045	1534	0.877457
2046	1203	0.334943
2047	2656	0.575285
2048	2473	0.429890
2049	1284	0.643964
2050	2654	0.580174
2051	2351	0.435486
2052	1625	0.987061
2053	2062	0.718367
2054	1009	0.632114
2055	2026	0.308084
2056	1617	0.716689
2057	2674	0.425322
2058	906	0.681690
2059	1980	0.562210
2060	2062	0.668116
2061	2097	0.333695
2062	1178	0.329277
2063	2061	0.733721
2064	2518	0.327058
2065	2530	0.767000
2066	1094	0.452829
2067	2426	0.582097
2068	2467	0.668773
2069	2503	0.447362
2070	1421	0.362199
2071	1689	0.599961
2072	1015	0.227233
2073	1990	0.558071
2074	2454	0.872444
2075	2489	0.874465
2076	2530	0.648239
2077	2010	0.299634
2078	2382	0.422287
2079	2417	0.544023
2080	1178	0.445180
2081	2470	0.534170
2082	2417	0.432483
2083	2467	0.505969
2084	2417	0.300473
2085	2518	0.392008
2086	2656	0.679655
2087	1032	0.654224
2088	2456	0.445941
2089	2121	0.420597
2090	2474	0.924302
2091	2392	0.540766
2092	2126	0.753804
2093	1625	0.822170
2094	2343	0.601267
2095	1483	0.284036
2096	2062	0.764262
2097	2541	0.354313
2098	1974	0.575445
2099	1483	0.319898
2100	2062	0.764988
2101	1980	0.380272
2102	1771	0.543259
2103	2398	0.428777
2104	2473	0.674241
2105	906	0.475562
2106	2118	0.592555
2107	2487	0.368634
2108	1147	0.854840
2109	1990	0.638909
2110	1236	0.685154
2111	2470	0.514924
2112	2499	0.321306
2113	1771	0.814920
2114	2061	0.533901
2115	1771	0.871130
2116	1157	0.487211
2117	2541	0.354891
2118	2464	0.405334
2119	2371	0.507786
2120	2402	0.311377
2121	1855	0.806862
2122	2160	0.454084
2123	1488	0.847237
2124	2674	0.730735
2125	2464	0.435162
2126	2503	0.584318
2127	940	0.438179
2128	2516	0.410407
2129	1837	0.368137
2130	2125	0.476126
2131	2487	0.676079
2132	2438	0.343447
2133	1480	0.592883
2134	2518	0.458407
2135	2487	0.407418
2136	1178	0.597073
2137	2674	0.719495
2138	1771	0.611092
2139	2521	0.446588
2140	2690	0.385738
2141	2337	0.691918
2142	1588	0.542058
2143	2497	0.559980
2144	1178	0.598300
2145	2508	0.561762
2146	2674	0.672473
2147	2543	0.483891
2148	2474	0.935819
2149	1554	0.777957
2150	1245	0.657863
2151	2504	0.490838
2152	2534	0.763648
2153	1425	0.291520
2154	2343	0.662308
2155	1636	0.741680
2156	1990	0.434232
2157	2539	0.508793
2158	2467	0.719701
2159	1689	0.576159
2160	2722	0.883713
2161	1236	0.820366
2162	2711	0.531419
2163	2516	0.828233
2164	2253	0.532430
2165	1837	0.575176
2166	2521	0.420923
2167	2413	0.473676
2168	2125	0.613285
2169	2466	0.622706
2170	2481	0.483177
2171	2450	0.452961
2172	2349	0.550662
2173	2670	0.424902
2174	2693	0.511214
2175	2657	0.612898
2176	2022	0.284419
2177	1980	0.451765
2178	2516	0.912118
2179	2577	0.739653
2180	2200	0.607819
2181	2466	0.387888
2182	2151	0.527333
2183	1236	0.884819
2184	1923	0.462847
2185	2505	0.739600
2186	2508	0.583659
2187	2371	0.762388
2188	2520	0.485840
2189	2690	0.353126
2190	1002	0.328144
2191	1086	0.589004
2192	1690	0.536102
2193	2523	0.541544
2194	1002	0.336513
2195	1268	0.365682
2196	2503	0.466283
2197	1245	0.622820
2198	2457	0.811289
2199	1480	0.640795
2200	1932	0.324533
2201	2766	0.837327
2202	1554	0.987204
2203	2711	0.403404
2204	2695	0.527625
2205	2146	0.892849
2206	1499	0.264921
2207	2340	0.359657
2208	2146	0.753658
2209	1266	0.387743
2210	2253	0.461787
2211	1821	0.831119
2212	1480	0.694859
2213	2766	0.934258
2214	2371	0.549040
2215	915	0.329769
2216	2722	0.953758
2217	1980	0.375397
2218	2718	0.968402
2219	2579	0.524580
2220	2512	0.395162
2221	2524	0.631536
2222	2506	0.520768
2223	2330	0.407283
2224	2146	0.932115
2225	1780	0.470541
2226	2098	0.513894
2227	2474	0.654253
2228	1023	0.588914
2229	2657	0.627749
2230	2657	0.601269
2231	2722	0.988486
2232	2525	0.638576
2233	996	0.780382
2234	1329	0.487684
2235	2516	0.644966
2236	2200	0.904796
2237	2718	0.906894
2238	2628	0.381863
2239	1931	0.446353
2240	2740	0.586917
2241	1923	0.314784
2242	2521	0.840809
2243	915	0.671612
2244	1636	0.584700
2245	2276	0.451275
2246	2639	0.314004
2247	2604	0.554713
2248	2722	0.976680
2249	2766	0.937410
2250	2146	0.970696
2251	2572	0.363793
2252	2522	0.516976
2253	1554	0.991003
2254	2116	0.964358
2255	2770	0.633976
2256	2056	0.321410
2257	1206	0.635462
2258	2562	0.489005
2259	2561	0.472846
2260	2472	0.599726
2261	1463	0.287749
2262	1821	0.977687
2263	2345	0.537408
2264	2521	0.819912
2265	1780	0.235097
2266	2559	0.387486
2267	2538	0.420010
2268	2445	0.330274
2269	2740	0.854452
2270	2527	0.628741
2271	2521	0.318409
2272	2638	0.339789
2273	2271	0.418229
2274	2722	0.949430
2275	2604	0.768417
2276	2457	0.936697
2277	2638	0.298150
2278	2670	0.411470
2279	2575	0.464822
2280	2608	0.300040
2281	2371	0.709439
2282	2551	0.288412
2283	2504	0.537507
2284	2769	0.448502
2285	1813	0.252957
2286	1261	0.476194
2287	2528	0.654113
2288	1237	0.511460
2289	2630	0.295990
2290	2726	0.494933
2291	1465	0.352605
2292	2668	0.307328
2293	2497	0.407841
2294	1583	0.501933
2295	2561	0.459519
2296	2445	0.375453
2297	1804	0.246552
2298	2553	0.355517
2299	2566	0.522656
2300	2523	0.721700
2301	1428	0.939719
2302	1661	0.434675
2303	1491	0.517249
2304	1428	0.950954
2305	1813	0.422797
2306	1821	0.798908
2307	2738	0.484515
2308	2522	0.483691
2309	2678	0.324077
2310	2328	0.629963
2311	2537	0.370321
2312	2577	0.761962
2313	2604	0.954220
2314	2596	0.722442
2315	2571	0.529282
2316	1583	0.917015
2317	2762	0.448825
2318	1694	0.372151
2319	2339	0.463301
2320	2271	0.487706
2321	2621	0.634480
2322	2017	0.494134
2323	1656	0.400678
2324	2194	0.831328
2325	2740	0.882610
2326	2345	0.275927
2327	2638	0.330029
2328	1278	0.630506
2329	1661	0.864415
2330	1832	0.299982
2331	2194	0.635184
2332	1652	0.513742
2333	1717	0.692448
2334	2522	0.390616
2335	2328	0.967876
2336	2809	0.981844
2337	2200	0.395618
2338	1091	0.769235
2339	1091	0.769235
2340	1385	0.447083
2341	2768	0.496100
2342	2238	0.570450
2343	2726	0.577180
2344	2726	0.577180
2345	2678	0.393471
2346	2604	0.924865
2347	1583	0.963422
2348	2610	0.494902
2349	2610	0.494902
2350	2506	0.672352
2351	1813	0.557568
2352	1391	0.763827
2353	2640	0.306925
2354	1237	0.419860
2355	1297	0.554514
2356	1813	0.618048
2357	2445	0.368653
2358	2768	0.446013
2359	1297	0.481366
2360	2449	0.442328
2361	2730	0.385916
2362	2480	0.300892
2363	2726	0.507801
2364	1687	0.489318
2365	1813	0.678340
2366	2620	0.817074
2367	2809	0.957643
2368	2594	0.622742
2369	1138	0.621717
2370	1391	0.903785
2371	2598	0.503920
2372	2506	0.857995
2373	2488	0.301672
2374	2678	0.307806
2375	2013	0.284075
2376	2768	0.738710
2377	2773	0.291752
2378	2194	0.587026
2379	1278	0.327851
2380	1391	0.842637
2381	2589	0.433695
2382	2821	0.732910
2383	2709	0.425918
2384	2328	0.578171
2385	2003	0.322703
2386	1339	0.524295
2387	1104	0.498168
2388	2770	0.364064
2389	2581	0.457773
2390	1694	0.314855
2391	2646	0.378455
2392	1339	0.671055
2393	2589	0.710455
2394	1339	0.711198
2395	2637	0.975703
2396	2238	0.515435
2397	2770	0.418997
2398	2599	0.701571
2399	2238	0.376433
2400	1700	0.369771
2401	2640	0.369200
2402	2041	0.261643
2403	2809	0.889975
2404	2536	0.422598
2405	2285	0.794234
2406	996	0.775480
2407	2614	0.702078
2408	1700	0.464256
2409	2449	0.468753
2410	2632	0.832557
2411	2194	0.408732
2412	2003	0.259940
2413	2768	0.798705
2414	2626	0.402773
2415	2212	0.398869
2416	2336	0.419484
2417	2427	0.353779
2418	2132	0.760547
2419	2599	0.681394
2420	1306	0.662510
2421	2610	0.560582
2422	2599	0.445273
2423	2604	0.891327
2424	2709	0.522770
2425	2743	0.576379
2426	996	0.778687
2427	2783	0.459912
2428	2449	0.514749
2429	1934	0.384382
2430	2387	0.825042
2431	2285	0.715219
2432	2427	0.433531
2433	2271	0.348643
2434	2442	0.314138
2435	1963	0.792311
2436	1976	0.667544
2437	2327	0.420663
2438	1764	0.468727
2439	2557	0.306237
2440	2496	0.336294
2441	2510	0.832871
2442	2120	0.394988
2443	2314	0.537361
2444	2798	0.941501
2445	1339	0.853670
2446	1316	0.726851
2447	2455	0.637586
2448	1833	0.404519
2449	2703	0.738692
2450	2287	0.376737
2451	2745	0.396066
2452	1316	0.660639
2453	2663	0.411660
2454	2387	0.764105
2455	1963	0.854016
2456	2601	0.946674
2457	2817	0.607843
2458	2601	0.664539
2459	2327	0.661631
2460	2589	0.499637
2461	1154	0.952113
2462	1733	0.405308
2463	2802	0.412308
2464	2768	0.655535
2465	2689	0.640744
2466	2791	0.332978
2467	2660	0.508963
2468	1154	0.915159
2469	2445	0.351101
2470	2560	0.633526
2471	2802	0.406451
2472	2433	0.411211
2473	2367	0.377248
2474	2821	0.815902
2475	2716	0.561509
2476	1297	0.450419
2477	1785	0.321721
2478	1661	0.490190
2479	2162	0.517747
2480	2623	0.940424
2481	1778	0.455375
2482	2680	0.295402
2483	2709	0.665770
2484	2387	0.581547
2485	1526	0.594664
2486	2743	0.591467
2487	2615	0.296730
2488	2802	0.279420
2489	2624	0.414633
2490	2427	0.385483
2491	1306	0.947273
2492	2455	0.856617
2493	2621	0.615920
2494	2106	0.441578
2495	2817	0.543362
2496	2642	0.382686
2497	1583	0.494764
2498	2678	0.569260
2499	1833	0.630384
2500	2719	0.957467
2501	2415	0.396366
2502	2629	0.468166
2503	2818	0.376063
2504	2784	0.468889
2505	2818	0.320496
2506	1922	0.725709
2507	2677	0.728608
2508	2787	0.447195
2509	2314	0.602178
2510	1898	0.550269
2511	2120	0.490116
2512	2560	0.643904
2513	1812	0.332875
2514	1306	0.504165
2515	1579	0.464586
2516	2817	0.567602
2517	2314	0.670157
2518	2702	0.375990
2519	2415	0.434919
2520	2546	0.503958
2521	2582	0.450626
2522	2719	0.728712
2523	2237	0.628722
2524	2703	0.978508
2525	2724	0.619438
2526	2685	0.855291
2527	1196	0.842323
2528	1196	0.936156
2529	2341	0.822560
2530	2513	0.853969
2531	2342	0.574849
2532	2735	0.416464
2533	2824	0.397749
2534	2455	0.513953
2535	1429	0.724804
2536	1433	0.404420
2537	1196	0.910394
2538	2651	0.616711
2539	1823	0.483957
2540	2746	0.650271
2541	2696	0.486096
2542	2642	0.360350
2543	2773	0.461133
2544	2629	0.458418
2545	2363	0.581351
2546	2247	0.385558
2547	2209	0.606731
2548	2734	0.605290
2549	2784	0.630249
2550	1812	0.483312
2551	2635	0.363124
2552	2360	0.285996
2553	2724	0.335920
2554	2637	0.453165
2555	2578	0.653685
2556	2827	0.268637
2557	2797	0.925969
2558	2845	0.421434
2559	2685	0.952011
2560	2810	0.190509
2561	1429	0.540291
2562	2211	0.417416
2563	2725	0.548514
2564	2641	0.542085
2565	2710	0.521772
2566	2734	0.663846
2567	2442	0.421107
2568	1462	0.435672
2569	2517	0.841046
2570	2799	0.592255
2571	2700	0.277519
2572	2651	0.657363
2573	1674	0.294417
2574	1500	0.419059
2575	2629	0.547394
2576	2797	0.954648
2577	2578	0.603939
2578	2255	0.384416
2579	2501	0.737111
2580	2820	0.842695
2581	2071	0.849852
2582	2071	0.886416
2583	2843	0.318357
2584	2739	0.471108
2585	2544	0.743158
2586	2855	0.339164
2587	2739	0.418280
2588	2629	0.580428
2589	2843	0.374820
2590	1462	0.498380
2591	2255	0.496450
2592	2847	0.421988
2593	2261	0.855402
2594	2363	0.832416
2595	2255	0.263276
2596	2752	0.249740
2597	2739	0.541611
2598	2641	0.484101
2599	1773	0.337378
2600	1770	0.461103
2601	1559	0.489069
2602	1610	0.312261
2603	2360	0.777692
2604	1722	0.708082
2605	2517	0.890590
2606	1500	0.574086
2607	2435	0.360976
2608	2517	0.427315
2609	2502	0.559701
2610	2039	0.428015
2611	2255	0.441376
2612	2255	0.552206
2613	1486	0.523005
2614	2685	0.902963
2615	2749	0.385373
2616	2749	0.385373
2617	2501	0.558506
2618	1354	0.496652
2619	2420	0.326655
2620	2461	0.421875
2621	1354	0.440339
2622	2360	0.598994
2623	2584	0.780577
2624	2683	0.548662
2625	2737	0.598194
2626	2849	0.535950
2627	2747	0.393845
2628	1354	0.492060
2629	2578	0.491859
2630	2517	0.932435
2631	2261	0.660689
2632	2378	0.676810
2633	2378	0.781907
2634	2478	0.672355
2635	1785	0.415968
2636	2685	0.754138
2637	1358	0.616887
2638	2641	0.652302
2639	2429	0.823642
2640	2429	0.825411
2641	2517	0.924382
2642	1606	0.493525
2643	2728	0.305735
2644	2517	0.560094
2645	2453	0.393043
2646	2691	0.959946
2647	2517	0.432480
2648	2544	0.683723
2649	2221	0.581129
2650	2478	0.727525
2651	2696	0.207459
2652	2839	0.807012
2653	1970	0.507461
2654	2478	0.479613
2655	2532	0.889994
2656	1354	0.353061
2657	2849	0.766515
2658	2532	0.704513
2659	2532	0.696568
2660	2502	0.680384
2661	2532	0.837769
2662	2517	0.790859
2663	1632	0.461873
2664	1500	0.445667
2665	2751	0.481773
2666	2209	0.460116
2667	2739	0.656304
2668	2241	0.617545
2669	2734	0.826148
2670	2249	0.490494
2671	2775	0.438326
2672	2643	0.377522
2673	2341	0.725737
2674	2478	0.631501
2675	2468	0.787876
2676	2429	0.712088
2677	1773	0.564241
2678	2825	0.437521
2679	2767	0.396116
2680	2736	0.398891
2681	2708	0.404304
2682	2849	0.684385
2683	2686	0.382195
2684	2593	0.336648
2685	2607	0.700944
2686	2734	0.616937
2687	2461	0.700488
2688	2261	0.463879
2689	2221	0.584853
2690	1500	0.431544
2691	2715	0.293474
2692	2765	0.341439
2693	1544	0.391940
2694	2746	0.571411
2695	2839	0.677417
2696	2418	0.749333
2697	2434	0.359360
2698	1745	0.413968
2699	1824	0.391047
2700	2461	0.726409
2701	2071	0.487518
2702	2788	0.497070
2703	2607	0.889025
2704	2767	0.493376
2705	2683	0.676291
2706	2686	0.309806
2707	2650	0.435416
2708	2854	0.937297
2709	1745	0.497531
2710	1770	0.496013
2711	2831	0.431094
2712	1851	0.360939
2713	2666	0.324769
2714	2746	0.492056
2715	2648	0.309539
2716	2378	0.604037
2717	2775	0.590629
2718	2720	0.371360
2719	2831	0.389194
2720	2801	0.479011
2721	2648	0.305864
2722	1824	0.411554
2723	2729	0.918191
2724	2808	0.816655
2725	2302	0.748903
2726	2666	0.267407
2727	2867	0.625569
2728	2854	0.908361
2729	1606	0.548366
2730	2765	0.445284
2731	2704	0.479028
2732	2291	0.606643
2733	2734	0.672886
2734	2799	0.813409
2735	2866	0.716430
2736	2755	0.477242
2737	2808	0.905483
2738	2788	0.328631
2739	2715	0.735088
2740	2854	0.570883
2741	2733	0.653282
2742	1936	0.736790
2743	2782	0.493067
2744	2044	0.734725
2745	2224	0.767026
2746	2794	0.520673
2747	2224	0.784051
2748	2035	0.456591
2749	2831	0.301290
2750	1835	0.442222
2751	2780	0.235854
2752	2245	0.363995
2753	2224	0.656840
2754	2767	0.524752
2755	2729	0.430185
2756	2852	0.349284
2757	1997	0.457004
2758	2317	0.423547
2759	2744	0.656266
2760	2866	0.313298
2761	2756	0.457462
2762	2329	0.632183
2763	2329	0.404468
2764	2852	0.334283
2765	2803	0.739167
2766	2776	0.348980
2767	2224	0.630540
2768	2872	0.931112
2769	2887	0.487533
2770	2780	0.326556
2771	2875	0.533036
2772	2044	0.768803
2773	2846	0.432344
2774	2761	0.861541
2775	2759	0.727588
2776	2265	0.762154
2777	2808	0.751942
2778	2868	0.398603
2779	2782	0.767336
2780	2000	0.350429
2781	2124	0.381014
2782	2801	0.467791
2783	2230	0.479141
2784	2043	0.639887
2785	2822	0.595442
2786	2835	0.639072
2787	2867	0.482415
2788	2000	0.347013
2789	2239	0.474844
2790	2806	0.299718
2791	2872	0.836823
2792	2096	0.867634
2793	2888	0.399131
2794	2792	0.560757
2795	1997	0.496487
2796	2780	0.313359
2797	2870	0.352535
2798	2074	0.388496
2799	2233	0.531800
2800	1992	0.295429
2801	2780	0.485881
2802	2037	0.360818
2803	2812	0.471805
2804	2876	0.864205
2805	1988	0.647442
2806	2792	0.553527
2807	2807	0.556514
2808	2876	0.636773
2809	2154	0.408127
2810	2816	0.534797
2811	2909	0.880935
2812	2880	0.400365
2813	2233	0.490469
2814	2887	0.772412
2815	2805	0.932302
2816	2154	0.335592
2817	2210	0.678637
2818	2136	0.347839
2819	2265	0.535396
2820	2136	0.509537
2821	2239	0.633650
2822	2136	0.500700
2823	2265	0.562426
2824	1997	0.454266
2825	2880	0.351958
2826	2887	0.732367
2827	2243	0.547701
2828	2233	0.614939
2829	2136	0.501772
2830	2243	0.549899
2831	2239	0.610281
2832	2803	0.573152
2833	2288	0.457050
2834	2888	0.635124
2835	2210	0.666274
2836	2814	0.683281
2837	2900	0.251418
2838	2805	0.567112
2839	2823	0.732533
2840	2838	0.235671
2841	2823	0.747101
2842	2816	0.573763
2843	2856	0.739368
2844	2816	0.428089
2845	2858	0.873534
2846	2170	0.869275
2847	2169	0.544172
2848	2286	0.560174
2849	2835	0.691398
2850	2286	0.409848
2851	2888	0.517878
2852	2260	0.558117
2853	2201	0.627362
2854	2814	0.455501
2855	2915	0.793089
2856	2170	0.443925
2857	2186	0.486734
2858	2251	0.702134
2859	2804	0.575922
2860	2822	0.585522
2861	2816	0.607220
2862	2838	0.219014
2863	2805	0.487727
2864	2841	0.256317
2865	2853	0.855598
2866	2886	0.905134
2867	2857	0.692791
2868	2823	0.956835
2869	2945	0.345750
2870	2930	0.545100
2871	2823	0.834475
2872	2857	0.754570
2873	2829	0.375701
2874	2848	0.996120
2875	2863	0.868393
2876	2936	0.409880
2877	2861	0.628142
2878	2863	0.827082
2879	2925	0.694882
2880	2924	0.409764
2881	2938	0.555291
2882	2925	0.937106
2883	2861	0.829725
2884	2897	0.472134
2885	2925	0.993417
2886	2861	0.646758
2887	2938	0.415919
2888	2930	0.681051
2889	2871	0.393280
2890	2850	0.515304
2891	2857	0.485053
2892	2923	0.343755
2893	2861	0.485764
2894	2829	0.295041
2895	2861	0.514277
2896	2923	0.342407
2897	2884	0.319031
2898	2923	0.297708
2899	2882	0.411018
2900	2882	0.411018
2901	2898	0.442191
2902	2943	0.363764
2903	2898	0.703255
2904	2895	0.390344
2905	2934	0.233237
2906	2934	0.378850
2907	2928	0.625491
2908	2941	0.369719
2909	2897	0.537241
2910	2947	0.282834
2911	2892	0.929894
2912	2897	0.600190
2913	2889	0.964832
2914	2889	0.885186
2915	2906	0.380540
2916	2935	0.604514
2917	2890	0.444773
2918	2928	0.496616
2919	2932	0.688074
2920	2954	0.384970
2921	2950	0.719322
2922	2914	0.725454
2923	2914	0.934119
2924	2918	0.345622
2925	2967	0.943896
2926	2921	0.759760
2927	2933	0.889477
2928	2922	0.461615
2929	2912	0.684022
2930	2967	0.860634
2931	2933	0.560476
2932	2927	0.350060
2933	2898	0.677268
2934	2907	0.669673
2935	2907	0.441450
2936	2935	0.442500
2937	2927	0.417413
2938	2907	0.505717
2939	2958	0.642452
2940	2940	0.415684
2941	2907	0.786058
2942	2919	0.380094
2943	2932	0.672694
2944	2970	0.352949
2945	2944	0.751910
2946	2918	0.348872
2947	2931	0.304999
2948	2914	0.481961
2949	2922	0.816704
2950	2953	0.477507
2951	2942	0.411414
2952	2975	0.491168
2953	2975	0.434361
2954	2889	0.588143
2955	2931	0.621031
2956	2932	0.363527
2957	2944	0.552227
2958	2977	0.510716
2959	2907	0.466122
2960	2979	0.346726
2961	2964	0.361410
2962	2942	0.245986
2963	2958	0.373365
2964	2955	0.555785
2965	2957	0.320680
2966	2973	0.465498
2967	2965	0.697665
2968	2963	0.419336
2969	2955	0.640880
2970	2981	0.489288
2971	2968	0.380483
2972	2989	0.864745
2973	2965	0.841023
2974	2965	0.765679
2975	2983	0.353839
2976	2974	0.280432
2977	2986	0.692138
2978	2973	0.441971
2979	2981	0.570363
2980	2986	0.712149
2981	2980	0.364854
2982	2978	0.288658
2983	2987	0.265595
2984	2983	0.647670
2985	2974	0.333395
2986	2996	0.734756
2987	2992	0.421031
2988	2992	0.451196
2989	2994	0.663213
2990	2989	0.531160
2991	2988	0.533273
2992	2997	0.694834
2993	2984	0.605551
2994	2993	0.650922
2995	2985	0.269885
2996	2999	0.496650
2997	2994	0.700244
2998	2994	0.690587
2999	2988	0.487516
3000	2985	0.431352
