-1.638081	-0.138786	1.095639
-1.649038	-0.192372	1.049775
-1.661001	-0.243488	1.128521
-1.731864	-0.409579	1.104238
-1.578612	-0.104228	1.024041
-1.749363	-0.472813	1.065443
-1.576863	-0.139839	1.149823
-1.693879	-0.407832	1.131637
-1.638648	-0.316780	1.136480
-1.577020	-0.199565	1.139041
-1.695133	-0.448886	1.127693
-1.656284	-0.365003	0.983911
-1.692212	-0.462988	1.123873
-1.536843	-0.161772	1.131126
-1.651707	-0.381443	0.971690
-1.678790	-0.436448	0.970389
-1.688117	-0.459004	0.967986
-1.740967	-0.570254	0.989156
-1.641781	-0.413269	1.120200
-1.746035	-0.615037	1.023918
-1.453398	-0.001886	1.096746
-1.528892	-0.207376	0.952856
-1.731762	-0.609507	1.051435
-1.744719	-0.632102	0.994942
-1.741591	-0.634438	1.011048
-1.736174	-0.632441	1.025883
-1.743041	-0.632548	0.969471
-1.448208	-0.044198	0.978061
-1.728006	-0.627647	1.039100
-1.637025	-0.449413	1.106401
-1.513472	-0.217605	1.090407
-1.658069	-0.460701	0.929805
-1.617529	-0.422542	1.103558
-1.604136	-0.400835	1.102074
-1.436154	-0.052150	1.092446
-1.444580	-0.081846	1.090468
-1.514128	-0.242294	1.081603
-1.699565	-0.608738	1.058028
-1.727448	-0.642658	0.913550
-1.409505	-0.010121	1.086441
-1.514382	-0.265881	1.073613
-1.695025	-0.581137	0.891964
-1.424081	-0.097398	1.073009
-1.643901	-0.539127	1.072905
-1.698934	-0.625880	0.863222
-1.481578	-0.241593	0.918906
-1.618982	-0.473847	0.879378
-1.714155	-0.775685	0.882411
-1.556735	-0.407674	1.055339
-1.438683	-0.198134	1.042019
-1.701719	-0.810017	0.855213
-1.704914	-0.787935	0.750232
-1.604799	-0.495229	0.849853
-1.635327	-0.619374	1.007718
-1.692398	-0.786241	0.718491
-1.467070	-0.296642	1.022035
-1.691498	-0.860039	0.654821
-1.525562	-0.410095	1.022637
-1.430572	-0.244694	1.016841
-1.672461	-0.759545	0.707726
-1.597775	-0.531650	0.814739
-1.508528	-0.400796	1.010435
-1.653794	-0.853449	0.810781
-1.653794	-0.853449	0.810781
-1.636421	-0.740402	0.907209
-1.648963	-1.004598	0.635205
-1.402697	-0.225812	0.895226
-1.558365	-0.497416	0.811721
-1.651174	-0.932306	0.531674
-1.447662	-0.334276	0.986588
-1.629033	-1.012608	0.630127
-1.355726	-0.172365	1.000838
-1.601905	-0.629675	0.736070
-1.639941	-0.951677	0.501682
-1.621572	-0.935792	0.721186
-1.635496	-0.966262	0.485630
-1.384272	-0.230287	0.888506
-1.421864	-0.311710	0.977303
-1.612821	-0.996164	0.648488
-1.628114	-0.938680	0.496482
-1.342198	-0.159265	0.903140
-1.498425	-0.458449	0.975472
-1.613489	-1.100269	0.429732
-1.565216	-0.589779	0.740777
-1.514186	-0.510240	0.962458
-1.514186	-0.510240	0.962458
-1.458514	-0.401227	0.964669
-1.611710	-1.047603	0.412020
-1.386716	-0.277811	0.969311
-1.606822	-0.805382	0.586323
-1.533955	-0.529777	0.770350
-1.383608	-0.267066	0.873803
-1.426638	-0.359701	0.958048
-1.600231	-0.910388	0.487207
-1.558223	-0.623065	0.706537
-1.587431	-1.119900	0.388168
-1.278117	-0.071174	0.921057
-1.306918	-0.161736	0.979722
-1.551291	-0.631242	0.694341
-1.423436	-0.378588	0.947099
-1.371349	-0.291158	0.952665
-1.580986	-0.909260	0.468697
-1.307429	-0.163384	0.895135
-1.264482	-0.091819	0.992486
-1.367586	-0.290045	0.859222
-1.465283	-0.471074	0.781582
-1.536855	-1.015044	0.611893
-1.518012	-0.625964	0.679264
-1.553529	-1.064892	0.311226
-1.510810	-0.700433	0.818658
-1.217112	-0.035160	0.997731
-1.264183	-0.159930	0.960839
-1.524151	-1.195209	0.306633
-1.297699	-0.237309	0.937385
-1.498124	-1.014896	0.599652
-1.491558	-0.657917	0.638096
-1.375758	-0.397486	0.906226
-1.485310	-0.734136	0.775198
-1.196273	-0.012004	0.932458
-1.479708	-0.695615	0.600020
-1.491713	-0.901558	0.414010
-1.492992	-1.052151	0.261454
-1.500648	-1.157337	0.168159
-1.483543	-1.022718	0.285133
-1.496766	-1.224241	0.141356
-1.444783	-0.711775	0.763547
-1.268637	-0.263058	0.909380
-1.451838	-0.729814	0.558212
-1.278848	-0.293928	0.899721
-1.418954	-0.600580	0.659306
-1.363889	-0.483599	0.854190
-1.449463	-0.993996	0.294017
-1.144279	0.014161	0.938213
-1.409967	-0.650176	0.613786
-1.403267	-1.170698	0.380008
-1.112212	0.079076	1.004187
-1.294828	-0.367063	0.796550
-1.387158	-0.671663	0.758078
-1.443072	-1.181690	0.088927
-1.426043	-1.075769	0.186165
-1.387101	-0.996013	0.572914
-1.444938	-1.208054	0.068076
-1.423761	-1.087529	0.171539
-1.407799	-0.939062	0.334268
-1.421717	-1.099330	0.156948
-1.363562	-0.625967	0.774286
-1.339312	-0.543118	0.808204
-1.423289	-1.286296	0.093194
-1.270037	-0.357487	0.795826
-1.391980	-0.880154	0.391380
-1.435053	-1.237668	0.031684
-1.092129	0.072664	1.001174
-1.385485	-0.848466	0.421225
-1.151155	-0.140958	0.926948
-1.209447	-0.273517	0.880722
-1.291623	-0.433407	0.751152
-1.330292	-0.547822	0.674967
-1.229590	-0.329583	0.862255
-1.094893	-0.016466	0.974030
-1.342827	-1.197225	0.313881
-1.337260	-0.632388	0.607209
-1.091088	0.019762	0.936329
-1.319392	-0.580579	0.645521
-1.134359	-0.156439	0.912775
-1.358784	-1.030294	0.203071
-1.352833	-0.992795	0.249203
-1.322848	-0.936746	0.584362
-1.324180	-0.795147	0.658268
-1.261707	-0.466473	0.809240
-1.307845	-1.074003	0.482550
-1.354612	-1.118290	0.092637
-1.071062	0.027318	0.938081
-1.062052	-0.005962	0.970199
-1.294872	-0.916911	0.585244
-1.280859	-1.061588	0.489180
-1.285411	-0.875110	0.603269
-1.106630	-0.179382	0.892487
-1.094182	-0.125090	0.881912
-1.334837	-1.356724	0.005077
-1.273098	-0.677750	0.550396
-1.039892	-0.014144	0.959779
-1.101879	-0.198550	0.881587
-1.304763	-1.120845	0.059867
-1.243182	-1.197195	0.304855
-1.234482	-1.064019	0.477050
-1.128520	-0.266954	0.815573
-1.224637	-0.636130	0.713063
-1.267780	-1.076361	0.108145
-1.093691	-0.209129	0.840664
-1.218755	-0.890931	0.578568
-1.232635	-0.803435	0.425936
-1.227570	-0.747907	0.476143
-1.294214	-1.245604	-0.109960
-1.202751	-0.728122	0.659614
-1.325732	-1.425350	-0.192044
-1.325974	-1.423525	-0.212851
-0.981053	0.075212	0.989392
-1.284186	-1.263445	-0.141528
-1.265501	-1.208739	-0.086578
-1.307074	-1.375130	-0.280104
-1.176294	-0.935100	0.547622
-1.144685	-0.446603	0.701422
-1.198643	-0.973550	0.233801
-0.969675	0.164264	1.000779
-1.183520	-0.713500	0.497377
-1.227776	-1.387847	-0.016010
-1.011876	-0.099973	0.880848
-1.197475	-1.069485	0.092260
-1.150025	-0.666179	0.676429
-1.152053	-0.771621	0.626085
-1.182706	-1.034270	0.144689
-1.220658	-1.186808	-0.097021
-1.253880	-1.329949	-0.324091
-0.945144	0.112846	1.001462
-1.165170	-0.998647	0.192525
-1.130364	-0.912855	0.550755
-0.948596	0.174139	1.001707
-1.133997	-1.288377	0.166873
-1.097200	-0.478957	0.743472
-1.230552	-1.266574	-0.208998
-1.228772	-1.338978	-0.386022
-1.217595	-1.224059	-0.166577
-1.220152	-1.352561	-0.416530
-1.223717	-1.336104	-0.395264
-1.122155	-0.841025	0.586249
-1.180774	-1.120798	-0.006417
-1.180774	-1.120798	-0.006417
-1.213536	-1.328830	-0.408700
-1.205626	-1.377263	-0.447308
-0.930892	0.132707	1.008898
-1.135183	-0.889577	0.321210
-1.127997	-0.654534	0.535591
-1.098797	-0.479641	0.665034
-1.167821	-1.125399	-0.023939
-1.188807	-1.313102	-0.425392
-1.080790	-1.107988	0.411002
-1.054219	-0.423605	0.757001
-0.996272	-0.188204	0.830345
-1.113256	-0.937366	0.263821
-1.149292	-1.386867	-0.033277
-1.212948	-1.431050	-0.365754
-1.061343	-0.423290	0.695809
-1.212605	-1.445394	-0.244630
-1.078521	-1.306265	0.134102
-1.074132	-1.300076	0.143914
-1.091370	-0.881127	0.322524
-1.202195	-1.443864	-0.251659
-0.926961	0.019921	0.924177
-1.158683	-1.417906	-0.459190
-1.057187	-0.732860	0.625878
-1.156161	-1.225695	-0.256576
-1.065598	-0.583923	0.577940
-1.180964	-1.427946	-0.371565
-1.070626	-0.695735	0.488569
-0.993938	-1.432782	-0.675599
-1.151061	-1.414529	-0.164020
-1.033660	-1.287673	0.159606
-0.944533	-1.371027	-0.743049
-0.971706	-0.302893	0.793293
-1.009321	-0.498331	0.710205
-1.106046	-1.242268	-0.441478
-1.048339	-0.874963	0.321158
-0.912683	-0.042802	0.892015
-0.974471	-0.287421	0.764342
-0.994658	-1.334134	-0.651467
-1.038318	-0.891646	0.301679
-1.014612	-0.498107	0.629907
-1.093077	-1.217311	-0.409659
-1.065051	-1.406046	-0.536839
-1.108163	-1.412478	-0.453144
-1.133111	-1.421185	-0.290292
-1.021309	-0.903298	0.285589
-1.072026	-1.358092	-0.107176
-1.062096	-1.223182	-0.474058
-1.073452	-1.357045	-0.128004
-1.119577	-1.409965	-0.329262
-0.975681	-0.618166	0.655549
-1.003818	-1.310977	0.024543
-0.924007	-1.304792	-0.722598
-0.942459	-0.402987	0.734907
-0.955155	-1.279835	0.158277
-1.009708	-1.249174	-0.562562
-1.007645	-1.036749	0.088209
-0.873913	-1.313977	-0.796680
-0.863182	0.032374	0.920877
-0.913658	-0.226832	0.785699
-0.907712	-1.465000	-0.707354
-1.039885	-1.302024	-0.155752
-0.896635	-0.258853	0.796023
-1.075005	-1.371144	-0.348055
-0.915673	-0.390833	0.733129
-0.975353	-1.269480	-0.005988
-0.992570	-1.261540	-0.054067
-0.868093	-0.073087	0.865621
-0.999932	-1.259584	-0.084036
-0.920601	-1.279143	0.136805
-1.023722	-1.164634	-0.400730
-0.995959	-1.070405	-0.039465
-0.906156	-0.999125	0.480600
-0.864807	-1.269144	-0.781727
-0.977098	-1.401590	-0.576625
-0.871437	-1.447494	-0.732029
-1.005829	-1.107746	-0.194304
-0.899288	-1.257475	-0.705917
-0.853447	-1.263420	-0.792071
-0.846883	-1.266816	-0.802466
-0.830303	0.087815	0.942292
-0.924230	-1.240007	-0.650629
-0.998008	-1.108297	-0.223259
-0.896937	-0.645530	0.632015
-0.897259	-0.348450	0.702551
-0.963919	-1.206746	-0.083036
-0.927651	-0.900733	0.267181
-0.831688	0.305877	1.062058
-0.829859	0.287178	1.044094
-0.822167	0.069221	0.931455
-0.978296	-1.091254	-0.187535
-0.831007	-0.143978	0.842644
-0.838849	-1.240046	-0.794495
-0.826622	0.307408	1.057253
-0.834189	-1.241899	-0.801804
-0.803855	0.046011	0.940491
-0.865621	-1.233244	-0.733514
-0.887776	-0.407377	0.660189
-0.869462	-0.547441	0.658384
-0.957121	-1.166446	-0.507377
-0.890242	-1.181392	0.059722
-0.848867	-1.227393	-0.764251
-0.971734	-1.122406	-0.378754
-0.796022	-1.367687	-0.837996
-0.969971	-1.109199	-0.309614
-0.937807	-1.178481	-0.095859
-0.896531	-0.607167	0.520075
-0.896531	-0.607167	0.520075
-0.861561	-0.632777	0.630337
-0.859879	-0.757277	0.591163
-0.797427	0.022909	0.926344
-0.903621	-1.143623	0.014791
-0.850556	-1.219928	0.115060
-0.886248	-0.519871	0.581362
-0.855955	-1.193096	0.098032
-0.889956	-0.778111	0.380685
-0.960847	-1.225399	-0.238841
-0.805914	0.012277	0.897616
-0.801400	-0.094762	0.862043
-0.969514	-1.272408	-0.357944
-0.931986	-1.184830	-0.157645
-0.875727	-0.650559	0.481791
-0.887191	-1.195360	-0.643160
-0.931827	-1.345800	-0.543634
-0.931827	-1.345800	-0.543634
-0.830103	-0.459343	0.681524
-0.797209	-0.005019	0.885601
-0.761040	-1.284692	-0.894877
-0.872123	-0.959985	0.163555
-0.840287	-1.113519	0.095325
-0.907859	-1.166133	-0.149331
-0.768194	0.080102	0.951761
-0.853125	-0.854762	0.298616
-0.781270	0.060861	0.917711
-0.803003	-1.154391	0.131593
-0.827234	-1.187549	-0.740983
-0.874777	-1.130571	-0.059756
-0.786075	-0.051197	0.855320
-0.747434	-1.329803	-0.877248
-0.787698	0.340016	1.088418
-0.898493	-1.327100	-0.548776
-0.754719	0.125658	0.975468
-0.830266	-0.607975	0.502803
-0.868468	-1.155458	-0.602267
-0.852155	-0.974602	0.073804
-0.767707	-0.894202	0.538695
-0.791018	-0.249762	0.734966
-0.873585	-1.149689	-0.190026
-0.799496	-1.161615	-0.761859
-0.811531	-0.890594	0.246559
-0.837749	-1.110182	-0.065332
-0.738978	-0.971187	0.500602
-0.849766	-1.136626	-0.596393
-0.786601	-0.369910	0.656246
-0.850210	-1.340089	-0.589526
-0.704725	-1.219444	0.276397
-0.872130	-1.182890	-0.328253
-0.701066	-1.183443	0.332919
-0.839309	-0.997264	-0.081129
-0.744920	-0.301111	0.728543
-0.695408	-1.146466	0.372379
-0.688379	-1.222733	0.252885
-0.818441	-1.132672	-0.646708
-0.688793	-1.185179	0.206588
-0.719322	0.168143	0.992242
-0.767816	-0.562969	0.518313
-0.758517	-1.030944	0.110842
-0.848805	-1.190035	-0.384267
-0.817056	-1.111268	-0.181071
-0.825321	-1.299906	-0.573481
-0.705728	-0.691405	0.598066
-0.798747	-1.348137	-0.631547
-0.676171	-0.980731	0.500582
-0.747275	-1.046676	0.066881
-0.824358	-1.040988	-0.448114
-0.747180	-1.115765	-0.799433
-0.739089	-0.540531	0.525662
-0.681834	-0.770962	0.579676
-0.757458	-1.322733	-0.703166
-0.674884	-0.810799	0.569724
-0.805973	-1.279031	-0.568918
-0.692285	0.036628	0.906823
-0.725359	0.306151	1.032954
-0.810061	-0.996489	-0.379656
-0.711073	-0.123532	0.788282
-0.625904	-1.188509	0.238253
-0.676007	-0.574453	0.617295
-0.779537	-1.099474	-0.646469
-0.719419	-0.578218	0.492491
-0.785544	-0.968448	-0.173470
-0.695015	-1.274189	-0.837621
-0.699833	-0.092768	0.803667
-0.638790	-1.049858	0.227036
-0.728421	-1.281154	-0.741468
-0.716845	0.323687	1.039598
-0.735544	-0.886333	0.155394
-0.681583	-0.983406	0.178076
-0.639618	-1.024170	0.223868
-0.597593	-1.138509	-1.199524
-0.610051	-1.082924	0.440107
-0.712862	-1.093369	-0.836120
-0.600027	-1.163077	-1.173315
-0.783285	-0.964688	-0.324209
-0.601623	-1.168856	-1.159997
-0.782942	-0.985256	-0.397641
-0.691996	0.217685	0.979243
-0.588553	-1.151349	-1.205879
-0.612424	-1.130567	-1.123574
-0.583364	-1.195595	0.326925
-0.607701	-1.130184	-1.138039
-0.646660	-0.488982	0.633733
-0.735158	-0.905648	0.043542
-0.735158	-0.905648	0.043542
-0.768361	-0.955361	-0.263880
-0.754847	-1.079875	-0.651870
-0.626450	-0.745425	0.585909
-0.734158	-1.051059	-0.128457
-0.662781	-1.246910	-0.885502
-0.684676	-0.679895	0.403348
-0.651039	-0.964133	0.199106
-0.582615	-1.100317	0.250100
-0.609541	-0.866079	0.557694
-0.727425	0.423519	1.086715
-0.724161	-1.042215	-0.107809
-0.760791	-1.240473	-0.570620
-0.671431	-0.083484	0.800258
-0.590883	-1.033838	0.253400
-0.714005	-1.248044	-0.722524
-0.674066	-0.449249	0.566811
-0.760877	-1.209950	-0.536621
-0.671552	-0.366424	0.621824
-0.665757	-0.978053	0.124809
-0.612135	-0.975382	0.233065
-0.605201	-1.102759	-1.115598
-0.604513	-0.977818	0.239093
-0.670276	0.278121	1.044392
-0.753741	-1.124419	-0.427463
-0.660456	-0.998354	0.086975
-0.617623	-1.208902	-0.998428
-0.611205	-0.502916	0.624304
-0.644420	-1.222464	-0.899141
-0.722671	-0.915821	-0.128456
-0.580591	-1.182970	-1.131595
-0.741049	-1.188762	-0.533919
-0.737798	-1.195983	-0.546008
-0.658280	-1.004833	0.035296
-0.641446	-0.976528	0.106554
-0.625291	-0.145803	0.779697
-0.557325	-0.983958	0.271100
-0.641561	-0.088984	0.786905
-0.719695	-1.220710	-0.606756
-0.588610	-1.184018	-1.064624
-0.689945	-1.014915	-0.155405
-0.639876	0.063846	0.878408
-0.560543	-0.757913	0.587004
-0.611715	-1.200396	-0.960588
-0.596263	-1.191249	-1.014969
-0.635267	-1.051512	-0.953691
-0.603922	-0.225951	0.730136
-0.590347	-1.186114	-1.028826
-0.619623	-0.970763	0.095489
-0.605326	-0.129474	0.783519
-0.567559	-0.910446	0.251091
-0.502572	-1.096992	0.447841
-0.615174	-0.260585	0.671452
-0.665193	-0.845311	0.044425
-0.612750	-1.049048	-0.998771
-0.671810	0.395230	1.059283
-0.648087	0.342649	1.073048
-0.661708	-0.846707	0.011118
-0.671386	-1.171017	-0.705466
-0.685828	-0.896834	-0.278326
-0.583555	-0.172768	0.753040
-0.484144	-1.054447	-1.431308
-0.565296	-1.047944	-1.135807
-0.688838	-0.983143	-0.542532
-0.687344	-0.958898	-0.482705
-0.513065	-0.727525	0.595242
-0.473140	-0.985744	-1.478167
-0.511307	-0.898611	0.288085
-0.632137	-1.027039	-0.873732
-0.582335	-0.438890	0.538760
-0.595583	-0.016542	0.815531
-0.591218	-1.032037	-1.016420
-0.662673	-0.878817	-0.256520
-0.446485	-1.147514	0.410350
-0.595156	0.045419	0.852668
-0.513743	-0.517277	0.610690
-0.574144	-0.704029	0.325228
-0.668497	-0.966095	-0.543097
-0.578322	-1.151386	-0.968627
-0.419309	-0.947004	-1.636387
-0.415712	-0.939811	-1.648206
-0.575453	-0.741066	0.271259
-0.595048	0.150793	0.913950
-0.557773	-1.022200	-1.101191
-0.599423	0.208273	0.947793
-0.554969	-0.612370	0.398621
-0.458850	-0.966691	-1.471985
-0.429660	-0.941510	-1.576871
-0.613401	-1.005601	-0.866784
-0.494917	-0.842557	0.282908
-0.497666	-0.838577	0.278750
-0.410350	-1.149866	0.416047
-0.432555	-0.941383	-1.553969
-0.646590	-0.948283	-0.547797
-0.445412	-0.897340	0.576031
-0.633772	-1.107667	-0.665066
-0.590605	-0.764357	0.122707
-0.448026	-0.874242	0.318935
-0.442386	-0.881163	0.322359
-0.656398	0.500197	1.109808
-0.643307	0.463106	1.072663
-0.552208	-0.105155	0.743453
-0.543258	-1.007681	-1.104533
-0.513894	-0.235937	0.702123
-0.515029	-1.132505	-1.129835
-0.528004	-0.887890	0.120940
-0.472184	-0.459328	0.618368
-0.526130	-0.605934	0.386487
-0.531188	-1.006188	-1.133147
-0.580068	-1.106141	-0.875975
-0.410585	-0.981591	0.552321
-0.596301	-1.091528	-0.801353
-0.408270	-0.909371	0.338197
-0.595885	-0.953594	-0.283526
-0.426494	-0.797375	0.605422
-0.560261	-0.722877	0.184698
-0.392815	-0.950335	0.340018
-0.614538	-0.959188	-0.704902
-0.424752	-0.746082	0.610526
-0.583831	-1.088470	-0.830769
-0.407275	-0.905022	0.586493
-0.533135	-0.994616	-1.095480
-0.568681	-0.747045	0.077739
-0.554599	-1.098218	-0.942703
-0.605222	-0.956960	-0.735185
-0.342376	-0.887958	-1.795601
-0.390830	-0.996921	-1.599767
-0.604319	-1.035954	-0.525150
-0.390003	-0.889472	0.345976
-0.595689	-0.995299	-0.427283
-0.603973	-1.052482	-0.596081
-0.379053	-0.983416	-1.637959
-0.414693	-0.669149	0.610640
-0.417274	-0.929567	-1.525081
-0.566461	-1.082247	-0.866529
-0.496400	-0.840274	0.151177
-0.596736	-1.018457	-0.491933
-0.517448	0.009316	0.835466
-0.517448	0.009316	0.835466
-0.525917	0.072985	0.875208
-0.597363	-1.032286	-0.542795
-0.560785	-0.913670	-0.205117
-0.397860	-0.908909	-1.586901
-0.609808	0.465314	1.105646
-0.467659	-0.982066	-1.310984
-0.388869	-0.839764	0.344855
-0.449571	-1.073751	-1.322851
-0.515940	-1.099442	-1.042048
-0.430532	-1.053459	-1.397530
-0.569345	-0.948442	-0.345743
-0.554873	-1.071327	-0.877179
-0.403838	-0.572033	0.606220
-0.582913	-1.040810	-0.668918
-0.380065	-0.823559	0.347068
-0.580237	-1.041675	-0.687375
-0.315810	-1.178436	0.371827
-0.468974	-0.979946	-1.272053
-0.298672	-0.815798	-1.892706
-0.470528	-0.472401	0.456970
-0.537787	0.270904	1.000393
-0.575044	-0.919798	-0.716754
-0.505127	0.093379	0.879991
-0.592013	0.468470	1.054937
-0.581712	0.445274	1.092294
-0.509097	-0.967836	-1.080477
-0.759769	1.422326	1.388307
-0.439548	-0.959700	-1.360720
-0.466785	-0.822027	0.112912
-0.748804	1.462907	1.383935
-0.510458	-0.683056	0.133239
-0.542789	-0.935575	-0.374504
-0.509903	-0.683216	0.119558
-0.340768	-0.909320	0.616273
-0.488725	-0.799266	0.030379
-0.523282	0.271826	0.995972
-0.493000	-0.654858	0.190950
-0.519015	0.214705	0.921641
-0.747833	1.301927	1.325108
-0.733415	1.430083	1.349383
-0.591228	0.521943	1.067126
-0.551015	-0.999572	-0.669224
-0.465192	-0.792588	0.082332
-0.537876	0.358012	1.045182
-0.447013	-0.325010	0.547388
-0.706037	1.615050	1.426770
-0.284179	-0.852212	-1.859319
-0.735957	1.233723	1.291843
-0.533191	-0.918924	-0.861535
-0.725616	1.261196	1.271091
-0.420219	-0.946699	-1.381303
-0.264185	-1.160995	0.415893
-0.719249	1.295009	1.277306
-0.718206	1.162731	1.224495
-0.539992	-0.848931	-0.556145
-0.425222	-1.057060	-1.287044
-0.533642	-0.833694	-0.490226
-0.327710	-0.955676	-1.670492
-0.416629	-0.187395	0.701281
-0.316956	-0.940990	-1.705465
-0.482912	-0.654918	0.095831
-0.674709	1.700989	1.465766
-0.670839	1.709950	1.457401
-0.689393	1.100757	1.154002
-0.247652	-1.100008	0.368816
-0.695948	1.385159	1.305015
-0.670430	1.706253	1.481425
-0.695850	1.043992	1.194359
-0.327577	-0.560641	0.617257
-0.513841	-0.989330	-0.829147
-0.416614	-0.519694	0.366023
-0.486338	-0.709548	-0.089012
-0.672658	1.579780	1.379445
-0.248157	-1.123697	0.481441
-0.311478	-0.675385	0.650638
-0.401592	-0.935541	-1.401923
-0.342090	-0.688823	0.337019
-0.331040	-0.964677	-1.619365
-0.285190	-0.937236	0.639326
-0.419848	-0.752174	0.110566
-0.689954	1.059441	1.230123
-0.691165	1.071611	1.241866
-0.636600	1.802417	1.471369
-0.309316	-0.939608	-1.688636
-0.363684	-1.001740	-1.485769
-0.504085	0.335738	0.977172
-0.491037	-0.900184	-0.961648
-0.576423	0.594382	1.120025
-0.250480	-1.067846	0.556870
-0.447054	-0.780329	-0.069596
-0.361519	-0.902141	-1.538554
-0.284485	-0.860523	0.670693
-0.259930	-0.854879	-1.853235
-0.499614	-0.797986	-0.475424
-0.410642	-0.193213	0.618307
-0.447260	0.121902	0.877466
-0.676406	1.510306	1.543553
-0.618108	1.845134	1.490343
-0.504562	-0.823854	-0.652219
-0.142753	-0.638209	-2.303992
-0.212709	-0.707376	-2.057526
-0.460239	-0.682701	-0.082961
-0.193511	-0.689146	-2.116473
-0.139909	-0.692215	-2.254145
-0.327729	-0.863194	-1.643174
-0.369539	-0.912856	-1.477917
-0.462016	-0.904316	-1.052458
-0.597654	1.896101	1.472926
-0.284584	-0.600470	0.642330
-0.381127	-0.704086	0.165259
-0.303395	-0.458113	0.616161
-0.554092	0.585992	1.118951
-0.275434	-0.719378	0.687364
-0.616391	1.793150	1.536224
-0.252649	-0.940226	0.662452
-0.471556	-0.970607	-0.919804
-0.642657	1.617811	1.563559
-0.385355	-0.925396	-1.391083
-0.521884	0.502884	1.031287
-0.580775	1.935452	1.462139
-0.457770	-0.890268	-1.035941
-0.381367	-0.924092	-1.402290
-0.604164	0.958206	1.069660
-0.482543	-0.931573	-0.756642
-0.199210	-0.696466	-2.076938
-0.355391	-0.198971	0.684040
-0.236963	-0.782191	0.421043
-0.457717	-0.734435	-0.307043
-0.426954	-0.600169	0.081039
-0.561368	1.965947	1.376092
-0.528170	0.552415	1.042572
-0.449296	-0.889389	-1.056466
-0.595852	0.928405	1.072749
-0.282921	-0.649094	0.371095
-0.566910	1.965547	1.459702
-0.542831	0.594752	1.117412
-0.371368	-0.471950	0.349424
-0.475138	-0.915091	-0.726924
-0.132680	-0.625664	-2.304011
-0.393435	-0.919362	-1.323686
-0.474738	-0.784914	-0.617869
-0.317982	-0.305844	0.643681
-0.422549	-1.006770	-1.125157
-0.480457	0.385404	0.982855
-0.557233	1.940632	1.368280
-0.436984	-0.893793	-1.096580
-0.433562	-0.674303	-0.133629
-0.453959	-0.742264	-0.383338
-0.525745	0.576171	1.046098
-0.560035	1.916506	1.372212
-0.572397	1.843775	1.386258
-0.453194	-0.863881	-0.988650
-0.055108	-0.619949	-2.523508
-0.219573	-0.790035	0.430945
-0.571267	1.926360	1.524312
-0.268971	-0.497918	0.623496
-0.397842	-0.715083	-0.021627
-0.467507	-0.822448	-0.832137
-0.423997	-0.894711	-1.150036
-0.278677	-0.626078	0.368309
-0.453381	-0.746174	-0.427716
-0.416073	-0.897437	-1.189521
-0.228093	-0.735211	0.425582
-0.418111	-0.895225	-1.176366
-0.467579	-0.783158	-0.662491
-0.577044	0.908384	1.069940
-0.302702	-0.935554	-1.623613
-0.063337	-0.589108	-2.524173
-0.570825	1.806416	1.386599
-0.570825	1.806416	1.386599
-0.169671	-1.052237	0.406983
-0.200444	-0.844301	0.437873
-0.004427	-0.588143	-2.783678
-0.393363	-0.907025	-1.283938
-0.182692	-0.941415	0.426230
-0.565456	0.944424	1.049848
-0.439492	-0.726879	-0.371103
-0.346324	-0.658714	0.168468
-0.346324	-0.658714	0.168468
-0.002997	-0.594808	-2.757074
-0.196497	-0.793311	-1.969795
-0.243036	-0.653901	0.404172
-0.211680	-0.810967	-1.921105
-0.563668	1.005466	1.058301
-0.394469	-1.006666	-1.210342
-0.007977	-0.568099	-2.778367
-0.572743	1.153078	1.127041
-0.558947	0.973392	1.049093
-0.439774	0.293035	0.971629
-0.199053	-0.797127	0.442888
-0.001729	-0.611764	-2.713642
-0.451394	-0.905604	-0.814777
-0.394725	-0.895331	-1.248126
-0.433106	0.274827	0.959221
-0.241076	-0.556717	0.648706
-0.568283	1.191137	1.146514
-0.440657	-0.925415	-0.922011
-0.161316	-0.663806	-2.157137
-0.317755	-0.203081	0.677374
-0.427520	-0.854889	-1.045859
-0.438318	0.308656	0.978249
-0.233507	-0.700071	0.726767
-0.435979	0.284078	0.915753
-0.330070	-0.634609	0.186794
0.017901	-0.603462	-2.806544
-0.113070	-0.612108	-2.329153
-0.576432	1.749045	1.592384
-0.579949	1.716218	1.595480
0.021878	-0.602580	-2.827512
-0.346295	-0.221231	0.545323
-0.430439	-0.724416	-0.455888
-0.609375	1.235199	1.424333
-0.517278	2.050257	1.446642
-0.559288	1.659952	1.360603
-0.588384	1.589370	1.609271
-0.360552	-0.905354	-1.379615
-0.605589	1.266324	1.452170
-0.280768	-0.298422	0.645223
-0.224547	-0.661573	0.722018
-0.429213	-0.914723	-0.933317
-0.433299	-0.734248	-0.570070
-0.145567	-1.003679	0.429970
-0.588826	1.512395	1.602299
-0.505155	2.072745	1.425221
-0.194513	-0.701163	0.446436
-0.148435	-0.654050	-2.179464
-0.466212	0.486289	0.996262
-0.417608	0.282386	0.954616
-0.514559	1.943575	1.353896
-0.149924	-0.928731	0.447478
-0.329680	-0.962126	-1.455125
-0.431662	-0.762713	-0.772832
-0.406642	-0.840295	-1.076820
-0.403853	-0.843766	-1.090879
-0.544345	1.535172	1.316737
-0.577893	1.073545	1.291891
-0.568294	1.598756	1.621339
-0.388052	-0.805838	-0.372815
-0.421656	-0.789127	-0.897970
-0.340958	-0.005653	0.774960
-0.334560	-0.134462	0.602539
-0.421234	-0.874778	-0.836315
-0.222372	-0.571569	0.406298
-0.412437	0.305706	0.962029
-0.372948	-0.866364	-1.241539
-0.307137	-0.939178	-1.527264
-0.541788	0.944881	1.166613
-0.368211	-0.868841	-1.259260
-0.076078	-0.699408	-2.271757
-0.368212	-0.865637	-1.252397
-0.326817	-0.887349	-1.470399
-0.331929	-0.967623	-1.402535
-0.353522	-0.974608	-1.289505
-0.414120	-0.744060	-0.771137
-0.553743	1.038676	1.262363
-0.402354	-0.797005	-0.985979
-0.503153	1.863350	1.361884
-0.236023	-0.851536	-1.772187
-0.230754	-0.844645	-1.788770
-0.286889	-0.150644	0.695390
-0.433878	0.444304	1.025554
-0.198883	-0.726151	-1.964261
-0.234937	-0.780664	-1.826955
-0.532493	1.710175	1.628547
-0.511499	1.610294	1.333420
-0.260091	-0.520766	0.299466
0.068140	-0.571038	-3.130624
-0.524330	1.761044	1.625728
-0.540986	1.521718	1.627432
-0.314672	-0.016175	0.763168
-0.483648	1.181569	1.111003
-0.144895	-0.661162	-2.145330
-0.529967	1.612212	1.643405
-0.543488	1.250308	1.445940
-0.309536	-0.872691	-1.503199
-0.307409	-0.937316	-1.476816
-0.481338	1.249927	1.149050
-0.286441	-0.849921	-1.605279
0.092514	-0.613769	-3.124364
-0.390342	-0.706609	-0.705166
0.072445	-0.634061	-2.791037
-0.483292	1.841131	1.360682
-0.489710	1.735252	1.358540
-0.361063	-0.783844	-0.468956
-0.233692	-0.788341	-1.801772
-0.187316	-0.719733	-1.977191
-0.175975	-0.510226	0.677194
-0.477841	1.402316	1.236198
-0.293349	-0.619322	0.024611
-0.258917	-0.878577	-1.659068
-0.380048	-0.798934	-0.719067
-0.348340	-0.770661	-0.431398
-0.192909	-0.386068	0.645132
-0.488908	1.889109	1.625175
-0.344156	-0.932219	-1.217881
-0.239797	-0.856304	-1.720849
0.020403	-0.513391	-2.776677
-0.361393	-0.788029	-1.085786
-0.333050	-0.598433	-0.200385
-0.109422	-0.801388	0.498353
-0.281753	-0.906731	-1.553775
-0.404415	0.448156	1.007618
-0.451112	1.270482	1.149955
-0.193709	-0.736373	-1.931948
-0.507630	1.430408	1.597903
-0.508822	1.304863	1.497673
-0.333970	-0.830213	-1.257780
-0.370633	-0.814248	-0.836291
-0.287607	-0.437888	0.170456
-0.427827	1.010672	1.004564
-0.359395	-0.758381	-1.013886
-0.145134	-0.756086	-1.998522
-0.308549	0.035618	0.702487
-0.173446	-0.710111	-1.999155
-0.478065	1.825359	1.643263
-0.425261	1.113687	1.050984
-0.351662	-0.769825	-1.060686
-0.352118	-0.766825	-0.617535
-0.312513	-0.853308	-1.367288
-0.352427	-0.660843	-0.603648
-0.444357	1.430918	1.242967
-0.293436	-0.860008	-1.482332
-0.156130	-0.698969	0.848283
-0.279972	-0.847080	-1.553690
-0.201140	-0.812061	-1.825540
-0.416862	0.885234	0.978046
-0.459290	0.952449	1.148490
-0.438997	2.089937	1.532141
0.072156	-0.492907	-3.089443
-0.439080	1.926804	1.343752
-0.156286	-0.437112	0.673157
0.077386	-0.495905	-3.110742
-0.409825	2.198765	1.380484
-0.481544	1.427213	1.600856
-0.399257	0.582050	0.959587
-0.474106	1.563626	1.662164
-0.279784	-0.034485	0.627562
0.084664	-0.499436	-3.133149
-0.341425	-0.741478	-1.022133
-0.405373	0.857616	0.972566
-0.267041	-0.420947	0.152592
-0.386500	0.520610	0.942250
-0.129356	-0.743351	-2.022480
-0.304480	-0.580075	-0.248002
-0.425648	2.109729	1.523746
-0.346410	-0.799225	-0.888139
-0.059220	-0.931172	0.503249
-0.392569	1.068162	1.013044
-0.394819	2.217365	1.330046
-0.180698	-0.283699	0.663210
-0.454537	1.822600	1.655645
-0.468121	1.405436	1.585972
-0.391618	0.921787	0.964899
-0.277411	-0.846089	-1.514009
-0.036519	-0.673041	-2.274274
-0.266847	-0.835899	-1.571474
-0.443813	1.940561	1.633850
-0.331056	-0.643978	-0.620101
-0.396428	0.701092	0.970147
-0.332594	-0.731445	-1.021170
-0.131328	-0.840628	0.873946
-0.320711	-0.761275	-1.145077
0.123873	-0.640031	-2.825430
-0.092496	-0.666667	0.527964
-0.428367	1.689111	1.344780
-0.313399	-0.613482	-0.450053
-0.142929	-0.464276	0.463167
-0.388602	0.852865	0.961650
-0.249628	-0.819876	-1.647146
-0.282121	-0.535555	-0.140906
-0.439464	1.922456	1.641255
-0.453175	1.560943	1.667820
-0.326497	-0.729544	-1.033008
-0.404457	1.422460	1.227231
-0.135968	-0.757278	0.900555
-0.312484	-0.770738	-1.180662
-0.382518	0.620679	0.950900
-0.387214	0.804023	0.963292
-0.417384	1.903988	1.345113
-0.144494	-0.755472	-1.969069
-0.247739	-0.130763	0.508104
-0.232719	-0.804780	-1.712884
-0.447818	1.236568	1.420175
-0.239274	-0.584544	-0.025166
-0.228389	-0.800770	-1.728116
-0.307043	-0.609355	-0.474673
-0.122048	-0.737935	-2.026072
-0.088532	-0.636364	0.532985
-0.192511	-0.189957	0.683550
-0.324968	-0.662402	-0.778416
0.017664	-0.506230	-2.701433
-0.444538	1.532081	1.663078
-0.236256	-0.199409	0.426789
-0.159405	-0.708801	-1.995620
-0.030258	-0.556676	-2.482496
-0.202327	-0.466766	0.205069
-0.363723	0.954689	0.954888
-0.266164	-0.893460	-1.506383
-0.321412	-0.808125	-1.015527
-0.285478	-0.900822	-1.378462
-0.388460	2.198788	1.442648
-0.295267	-0.891629	-1.295275
-0.020606	-0.663120	-2.296288
-0.013238	-0.659006	-2.316398
-0.435834	1.551121	1.669230
-0.086903	-0.616474	-2.270597
-0.127402	-0.662761	0.901059
-0.368222	0.809750	0.948437
-0.124451	-0.624227	0.881616
-0.324804	0.325151	0.914580
-0.351355	1.031513	0.974865
-0.121447	-0.595884	0.862562
0.079020	-0.642873	-2.571675
-0.361673	1.273567	1.117727
-0.383341	2.196777	1.456981
-0.211560	-0.537912	0.052015
-0.314228	-0.788106	-0.984276
-0.189804	-0.151616	0.696352
0.176597	-0.644273	-3.091534
0.138878	-0.640291	-2.792237
-0.284065	-0.888400	-1.329348
-0.387959	1.571467	1.302253
-0.411985	1.141212	1.301098
-0.273150	-0.815390	-1.389312
0.148501	-0.639633	-2.831313
-0.274382	-0.692687	-0.455147
-0.353442	0.814242	0.937045
-0.278608	-0.888024	-1.355312
-0.223407	-0.592913	-0.096744
-0.041456	-0.572398	-2.418304
-0.371004	2.219323	1.431097
0.058092	-0.467382	-2.890564
-0.377600	2.189310	1.478584
-0.292945	-0.713654	-0.643367
-0.301254	-0.646148	-0.795044
-0.254260	-0.670186	-0.347927
-0.223841	-0.604599	-0.129786
0.132179	-0.640968	-2.734353
-0.373415	2.064117	1.300339
-0.170399	-0.370337	0.319552
-0.409566	1.628623	1.679574
-0.228135	-0.625684	-0.191797
-0.289383	-0.711500	-0.663842
-0.401325	1.220619	1.383731
-0.211680	-0.185888	0.397954
0.114450	-0.640699	-2.650752
-0.294405	-0.651848	-0.859400
-0.373466	0.964306	1.113367
-0.217892	-0.105131	0.489941
-0.211114	-0.154273	0.431008
0.175100	-0.577629	-3.230747
0.057001	-0.463937	-2.874057
-0.290723	-0.722412	-0.789819
-0.244224	-0.814816	-1.534448
0.189001	-0.639946	-3.003957
0.160672	-0.638139	-2.820467
-0.370926	1.030932	1.170499
-0.105376	-0.613695	0.931480
-0.179564	-0.795339	-1.820463
-0.011447	-0.908798	0.546786
-0.082548	-0.467740	0.538475
-0.063593	-0.599754	-2.319187
-0.002653	-0.531016	-2.561096
-0.390841	1.513009	1.659251
-0.329306	0.625869	0.906716
-0.363480	1.670373	1.340259
-0.387089	1.532977	1.667095
-0.122211	-0.735793	-1.993033
-0.144499	-0.706226	-1.990775
-0.344027	0.795131	1.015752
-0.090999	-0.417476	0.746158
0.160450	-0.637456	-2.780327
-0.273991	-0.632362	-0.836943
-0.127829	-0.240573	0.691698
-0.292217	1.134554	1.000397
-0.227290	-0.505283	-0.251418
-0.027656	-0.968323	0.733664
-0.367850	2.080719	1.592263
-0.108025	-0.725056	-2.024650
-0.271090	-0.785112	-1.111151
-0.252449	-0.857439	-1.380554
-0.009456	-0.824622	0.572492
-0.227447	-0.799618	-1.560931
-0.303820	0.479079	0.867526
-0.311859	0.605709	0.889205
-0.189276	-0.132567	0.417575
-0.096461	-0.330203	0.718833
-0.261709	-0.694274	-0.744514
-0.302645	0.451074	0.933010
-0.128581	-0.202778	0.697882
-0.038524	-0.589892	0.592521
-0.312094	1.467662	1.232641
-0.161458	-0.497507	0.017680
-0.068271	-0.427118	0.551337
-0.192613	-0.773804	-1.753617
-0.345468	1.917073	1.341485
-0.343519	2.175926	1.523136
-0.196881	-0.430090	-0.100046
-0.201498	0.005285	0.567173
-0.029135	-0.937964	0.801897
-0.227392	-0.849344	-1.532496
-0.358004	1.980577	1.651038
-0.214783	-0.788622	-1.586062
-0.211058	-0.505692	-0.323428
-0.171755	-0.272130	0.186301
-0.219152	-0.843103	-1.575299
-0.310988	2.282547	1.334580
-0.245507	-0.647519	-1.026467
0.099558	-0.617073	-2.540132
-0.055929	-0.600842	-2.305775
-0.108662	-0.668389	-2.090667
-0.236374	-0.832872	-1.373763
-0.147589	-0.084369	0.729309
0.213896	-0.630581	-2.933449
-0.165095	-0.162584	0.334706
-0.269417	0.815489	0.868641
0.028818	-0.636341	-2.352170
-0.212873	-0.527330	-0.477820
-0.071260	-0.551203	0.975048
-0.335090	1.638855	1.680447
-0.324519	1.817932	1.367035
-0.203105	-0.776615	-1.595515
-0.187258	-0.460010	-0.245689
-0.214751	-0.742683	-1.389093
-0.074344	-0.704900	1.047034
-0.210529	-0.763512	-1.470232
0.200804	-0.629075	-2.831261
-0.278456	0.494016	0.925684
-0.250989	0.854849	0.856562
-0.046291	-0.404321	0.579604
-0.331596	2.068221	1.613910
-0.288996	0.724021	0.971612
-0.068849	-0.591652	1.024166
-0.151704	-0.250896	0.173654
-0.190880	0.104953	0.788702
-0.221772	-0.819312	-1.401971
0.109058	-0.610730	-2.543975
-0.231960	-0.730062	-1.083731
-0.282691	1.580824	1.299880
-0.276574	0.958719	1.051527
-0.205993	-0.721951	-1.361842
-0.160291	-0.388283	-0.090912
-0.171349	0.010534	0.528599
-0.208811	-0.547405	-0.671218
-0.145130	-0.261523	0.142425
-0.200319	-0.631982	-0.601477
-0.269983	0.988305	1.068990
-0.172105	0.030706	0.546565
-0.211213	1.111068	0.938733
-0.222321	-0.684780	-0.911472
-0.300908	1.389515	1.551514
-0.266423	1.554876	1.281856
-0.289915	1.703707	1.361946
-0.205909	1.065054	0.905143
-0.263924	1.034443	1.105701
-0.195846	-0.707746	-1.357203
-0.114248	-0.686625	-2.014844
-0.042770	-0.594574	-2.312067
-0.198391	-0.626995	-1.164860
-0.172568	-0.755879	-1.723506
0.164517	-0.432240	-3.189841
-0.309405	1.819493	1.675224
-0.072007	-0.267452	0.464841
-0.053111	-0.550164	1.039006
-0.260321	1.588803	1.304133
-0.296019	1.640392	1.675332
-0.185532	-0.740383	-1.503589
-0.016307	-0.660787	-2.217274
-0.194592	-0.547808	-0.750372
0.045109	-0.463590	-2.737763
-0.048083	-0.522603	1.024161
-0.190097	1.163581	0.963975
0.010926	-0.915484	0.825016
-0.137796	-0.719647	-1.893318
-0.200156	0.231657	0.699609
-0.278012	1.390972	1.545328
0.248946	-0.554648	-3.250988
-0.129484	-0.123250	0.313417
-0.235636	0.412068	0.879433
0.028651	-0.635897	-2.322052
-0.183634	-0.634601	-1.218885
0.017145	-0.515825	-2.561775
-0.151619	0.031564	0.515678
-0.181149	-0.676630	-1.320951
-0.122827	-0.222295	0.148190
-0.184670	-0.604870	-1.135041
-0.278965	1.555377	1.656798
-0.175013	0.144362	0.626618
-0.250429	0.626273	0.927579
-0.186174	-0.552819	-0.812530
0.032019	-0.705204	0.647257
-0.176279	-0.692983	-1.383276
-0.123393	-0.124488	0.297711
-0.044665	-0.556971	1.072740
-0.196863	-0.731608	-1.234934
-0.041559	-0.292223	0.537638
-0.144099	0.022075	0.495531
-0.167214	0.128178	0.607028
-0.273417	1.795785	1.388723
-0.116995	-0.245058	0.098439
0.075643	-0.615250	-2.428945
-0.250335	1.651954	1.344649
-0.170841	-0.706803	-1.447041
-0.172834	-0.662076	-1.309169
-0.043697	-0.601025	1.101228
-0.247472	1.298029	1.406589
-0.134391	-0.718590	-1.875390
-0.224057	1.005915	1.053825
-0.233134	1.187993	1.253714
-0.078106	-0.139455	0.744411
-0.218935	1.521700	1.251925
-0.178308	-0.554493	-0.855299
-0.221906	0.995732	1.043850
-0.017387	-0.841186	1.011475
-0.154292	-0.470098	-0.503957
-0.287701	1.920225	1.665606
-0.119252	-0.074801	0.357783
-0.077722	-0.316690	0.155898
0.271467	-0.603619	-3.064662
-0.027536	-0.459514	0.980921
-0.188944	-0.674659	-1.033837
-0.052919	-0.615775	-2.224321
-0.065971	-0.692661	-2.079223
-0.179604	-0.790141	-1.573769
0.002953	-0.881397	0.939416
0.037596	-0.478384	-2.663666
-0.179590	0.883175	0.799483
-0.269202	1.900704	1.370992
0.174372	-0.598276	-2.664221
-0.185387	0.848742	0.796160
-0.168152	-0.529905	-0.788871
-0.117582	-0.524060	-0.309271
-0.119037	-0.528727	-0.322204
-0.015332	-0.336090	0.611407
-0.162073	-0.594651	-1.186872
-0.159676	-0.598394	-0.657204
-0.047592	-0.680667	-2.123197
-0.072294	-0.318521	0.140851
-0.033184	-0.270855	0.540675
-0.182341	-0.675290	-1.090393
-0.155994	1.002536	0.830572
-0.180812	-0.681333	-1.133144
-0.051126	-0.198561	0.756369
-0.009142	-0.346266	0.626190
0.017221	-0.888856	0.904495
0.019381	-0.493763	0.673255
-0.173498	1.394859	1.137168
-0.113439	-0.526360	-0.338926
-0.163753	1.350672	1.096106
-0.222102	0.713157	0.918090
-0.152558	1.276964	1.031135
0.031396	-0.493048	-2.608649
-0.066525	-0.351942	0.077561
-0.144030	1.029577	0.837310
-0.064956	-0.322014	0.119222
-0.017011	-0.441879	0.985791
-0.153443	-0.596873	-0.697685
-0.121896	-0.552728	-0.437355
0.042937	-0.464269	-2.689482
0.144386	-0.393035	-3.086664
-0.165992	-0.633456	-0.862716
-0.062788	-0.331840	0.099861
-0.147356	-0.659871	-1.390793
-0.239241	2.221338	1.246031
-0.155353	0.189378	0.620940
-0.060945	-0.293277	0.152383
-0.099025	-0.089625	0.290817
0.113977	-0.389938	-3.001004
-0.205987	0.791253	0.924173
0.181727	-0.591817	-2.667304
-0.132052	-0.447859	-0.544320
-0.142093	-0.667056	-1.435028
-0.195743	1.202141	1.249378
-0.231203	1.741384	1.396600
-0.056946	-0.193583	0.334487
-0.143949	-0.589792	-0.710002
-0.126842	1.056585	0.841689
-0.057699	-0.366848	0.023606
-0.143534	-0.760431	-1.766131
-0.099037	0.014001	0.768905
-0.163252	-0.712766	-1.295994
-0.158117	-0.769022	-1.637055
-0.160252	-0.674245	-1.199414
0.129008	-0.384590	-3.037291
-0.240683	1.857634	1.404387
-0.243793	1.969162	1.344967
0.200024	-0.414121	-3.194949
-0.202239	0.688287	0.897421
0.090574	-0.609752	-2.435405
0.007876	-0.332820	0.649811
0.124054	-0.596634	-2.516896
-0.048188	-0.300838	0.110956
-0.056213	-0.402668	-0.066376
-0.135809	1.376506	1.105876
-0.182168	1.243351	1.294398
-0.161491	0.299434	0.668844
-0.077263	-0.212580	0.049756
-0.100702	-0.532809	-0.457181
-0.091901	-0.675439	-1.978725
0.013716	-0.644811	-2.251712
0.168233	-0.586188	-2.620494
-0.210298	1.546747	1.630254
-0.137491	0.854759	0.748901
0.028243	-0.398599	0.689536
-0.124277	-0.481681	-0.787226
-0.010864	-0.554449	1.166227
-0.035744	-0.672065	-2.129352
-0.000363	-0.437548	1.063498
0.083762	-0.798689	0.675692
-0.119812	-0.688563	-1.645501
-0.223022	1.859420	1.419944
0.078259	-0.885047	0.756669
-0.138137	-0.621468	-1.051636
-0.049071	-0.624156	-2.145895
-0.112266	-0.588554	-1.309595
-0.170214	0.789936	0.896360
-0.083256	-0.514278	-0.449519
-0.067733	-0.015554	0.778133
-0.228150	2.226288	1.506089
0.189134	-0.389124	-3.150059
-0.128508	-0.606472	-0.920901
-0.044527	-0.408894	-0.153906
-0.162836	0.494364	0.714223
0.003381	-0.649562	-2.216970
0.069438	-0.603398	0.717079
-0.211263	2.294781	1.385118
-0.102966	-0.654630	-1.580847
-0.136249	0.291218	0.630047
0.292823	-0.584305	-2.976245
-0.027782	-0.598608	-2.218920
-0.079313	-0.510494	-0.493764
-0.136172	0.996234	0.987095
0.011626	-0.424835	1.089641
-0.059980	-0.287212	-0.181512
-0.066631	-0.315128	-0.275462
-0.110139	0.847268	0.716125
-0.130440	-0.741181	-1.698099
-0.094934	-0.524142	-1.198443
0.257440	-0.443395	-3.247477
0.005732	-0.534549	1.200785
-0.215861	1.921906	1.625665
-0.103565	-0.681575	-1.707368
-0.124020	1.041920	1.019202
-0.124228	-0.693841	-1.447790
-0.017804	-0.321854	-0.009906
-0.059458	-0.021020	0.282711
-0.120984	1.119427	1.103333
-0.033515	-0.075280	0.793827
-0.115449	1.513541	1.227045
-0.204960	1.886319	1.610075
-0.090476	-0.461990	-0.925459
0.124556	-0.595028	-2.486843
-0.058195	1.239204	0.941267
-0.094247	-0.665661	-1.672355
-0.185398	1.811850	1.477269
-0.199103	1.943995	1.410337
0.053050	-0.373333	0.721932
0.020199	-0.277796	0.912699
0.070824	-0.482331	0.745369
-0.128636	0.841386	0.883718
-0.076671	-0.413271	-0.760078
0.238711	-0.570243	-2.766062
-0.194312	2.017154	1.339160
-0.072124	-0.593950	-1.491414
-0.046733	1.056583	0.769758
0.006256	-0.152227	0.537112
-0.109647	1.241583	1.252599
-0.067275	-0.655094	-1.959904
-0.194486	1.925414	1.595637
-0.082773	-0.671383	-1.851993
-0.140137	1.489766	1.560733
-0.086188	-0.667041	-1.740689
-0.047578	1.318827	1.007434
-0.027774	-0.418767	-0.326591
0.102483	-0.602605	-2.424805
-0.183753	1.910211	1.476980
0.327314	-0.546825	-3.140373
-0.062120	-0.390819	-0.767850
-0.033662	-0.266607	-0.265420
-0.062768	-0.508121	-0.689326
0.327910	-0.535945	-3.173105
-0.012826	-0.384028	-0.244924
-0.179895	1.905555	1.530397
-0.105617	1.335533	1.377888
-0.046963	-0.316075	-0.528066
-0.031112	1.028682	0.729951
0.009217	-0.557481	-2.296295
-0.054924	-0.419119	-1.017551
-0.088787	-0.625409	-1.349771
-0.052786	-0.366489	-0.739970
-0.031316	-0.270103	-0.324398
-0.051686	0.073588	0.795423
-0.043854	0.047684	0.796443
-0.140316	1.711696	1.517675
-0.017965	1.105989	0.783854
-0.024219	-0.053311	0.144824
0.006927	-0.096795	0.453068
-0.020718	1.049057	0.735279
-0.049541	-0.393881	-0.910586
-0.048363	-0.393461	-0.926816
0.098080	-0.845881	0.885677
0.115283	-0.705836	0.746345
-0.080066	1.254557	1.254951
-0.064960	-0.533304	-0.893186
-0.023836	-0.014362	0.197134
-0.065028	0.192657	0.466796
-0.011296	1.272012	0.936995
0.174720	-0.350694	-3.065494
0.046760	-0.379722	1.137662
-0.063158	-0.529796	-0.958463
-0.066643	1.019964	0.958971
-0.064806	-0.650564	-1.809255
-0.065173	1.189165	1.158912
0.198798	-0.563556	-2.643672
0.119842	-0.693159	0.756686
0.016884	-0.551971	-2.278373
-0.030576	-0.369074	-0.979287
0.018501	-0.146466	0.159714
0.004316	-0.074022	0.833486
-0.168615	2.222958	1.475029
-0.041983	-0.592667	-1.618041
-0.081691	0.342495	0.556542
0.011152	-0.058558	0.365027
-0.167554	2.037039	1.563469
-0.086584	1.627616	1.363859
-0.031702	-0.568044	-1.577288
-0.004233	0.997614	0.674186
-0.058309	0.229644	0.471837
0.127575	-0.801388	0.789015
-0.023089	-0.509864	-1.409320
0.047237	-0.168187	0.650803
-0.150064	2.269198	1.328307
-0.051888	1.247764	1.231039
-0.044632	1.053383	0.976094
-0.151268	2.268720	1.367016
-0.010447	0.009426	0.821347
0.059701	-0.332853	1.092948
-0.076855	0.377936	0.559170
0.058444	-0.407657	1.227116
-0.082404	1.512688	1.527411
-0.071001	0.345987	0.538949
0.003287	-0.577168	-2.156658
0.073960	-0.425064	-2.597962
0.022058	-0.549958	-2.249300
0.024627	1.188925	0.821532
-0.009885	-0.235658	-0.570805
0.057784	-0.490972	1.292793
0.065511	-0.458590	-2.510795
-0.037636	1.186824	1.140766
-0.074274	0.405420	0.563211
0.155216	-0.337336	-2.992265
0.320555	-0.546969	-2.965245
-0.063314	0.326097	0.518816
0.211815	-0.349581	-3.114198
0.063937	-0.375302	1.194642
0.280107	-0.545881	-2.839046
-0.006930	-0.262831	-0.747627
-0.003989	-0.220748	-0.502923
0.025759	-0.045059	0.434990
-0.144366	2.067566	1.350066
-0.004503	-0.290585	-0.857927
-0.005180	-0.239674	-0.693179
-0.024917	1.506168	1.195474
0.114625	-0.481957	0.806332
0.072603	-0.440587	-2.544232
-0.002228	-0.290575	-0.874878
-0.006508	-0.446188	-1.269947
0.014728	-0.381558	-0.428772
0.038357	-0.141244	0.110931
0.038357	-0.141244	0.110931
-0.056593	0.310361	0.501406
-0.137742	2.242303	1.302557
-0.001723	-0.213639	-0.541741
-0.007003	0.888474	0.602360
-0.002388	0.907660	0.607945
-0.070505	0.553937	0.591872
-0.142984	2.031539	1.424959
-0.030478	0.790279	0.585499
0.062330	-0.574405	1.300605
-0.146198	2.049079	1.492395
-0.066239	0.589002	0.591086
-0.056477	0.661084	0.588009
0.128465	-0.586573	0.799682
0.027067	-0.039105	0.318602
0.328268	-0.462997	-3.215125
0.082024	-0.410380	-2.612133
-0.138287	2.252727	1.356002
0.065933	-0.614171	-2.308068
-0.134291	2.198063	1.284754
0.010532	1.409916	1.066335
-0.043237	-0.586449	-1.438154
-0.061385	0.265461	0.812192
-0.029893	-0.618084	-1.911334
-0.018850	-0.470937	-0.899420
0.004122	-0.403019	-0.615993
-0.139813	2.040321	1.459783
0.022341	-0.056295	0.858639
0.139181	-0.786034	0.818095
0.139181	-0.786034	0.818095
0.035849	1.068405	0.687963
0.017036	0.958831	0.618392
0.013879	-0.384776	-0.525848
0.032605	-0.626835	-2.226822
-0.133156	2.245820	1.342975
-0.009170	-0.448077	-0.814787
0.062992	-0.480807	-2.416151
0.039121	-0.074232	0.211590
0.082621	-0.236292	0.738639
0.340673	-0.478682	-3.195587
0.028858	0.995361	0.632157
-0.064388	-0.672372	-1.805086
-0.007390	-0.448885	-0.835529
-0.127700	2.217731	1.299240
0.142824	-0.577089	-2.485311
-0.138206	2.123702	1.479973
0.261753	-0.540079	-2.778044
0.054253	-0.276041	-0.158255
-0.005661	-0.449188	-0.855702
-0.009132	-0.560361	-1.643096
0.067816	-0.229034	1.009303
-0.004911	-0.449411	-0.872701
0.081391	-0.434039	-2.521032
0.347050	-0.525440	-3.065013
-0.130974	2.062843	1.449085
0.094831	-0.267215	0.766682
0.052696	1.097623	0.697309
-0.061690	0.718538	0.797813
0.031710	0.966123	0.605565
-0.004140	-0.446427	-0.985354
0.024690	-0.173787	-0.386672
0.057374	-0.284539	-0.199136
0.028806	-0.357465	-0.514079
0.062248	-0.612461	-2.289035
-0.019909	0.926149	0.851813
0.081154	-0.486044	1.335255
0.063319	-0.222535	-0.086491
0.074733	-0.234974	1.033720
-0.023391	0.707433	0.543270
-0.046523	0.494151	0.537737
0.046130	1.000180	0.615046
0.033965	0.939532	0.582653
0.086401	-0.340164	1.210851
-0.025659	0.293614	0.438236
-0.009779	0.129063	0.823618
0.001893	0.085628	0.831176
0.006986	-0.539185	-1.638156
-0.021335	0.280681	0.423716
0.032445	-0.399390	-1.285997
0.145755	-0.572101	-2.483439
-0.010599	-0.537878	-1.406108
-0.031445	0.809879	0.799588
-0.115121	2.176674	1.351852
-0.035478	0.410185	0.496910
0.066740	-0.121358	0.065398
-0.116472	2.119035	1.404645
-0.117575	2.143285	1.424074
0.048932	-0.524292	-2.216982
0.037326	0.914772	0.560263
0.057636	-0.612055	-2.268474
0.071448	1.084418	0.661613
0.093686	-0.376013	1.294804
0.085646	-0.448836	-2.432172
0.041341	-0.428474	-1.423671
0.062624	-0.122495	0.938455
0.022343	-0.398858	-0.946579
0.053150	-0.221191	-0.971965
0.349487	-0.516410	-3.036257
0.040414	-0.093596	-0.633381
0.030185	-0.377793	-0.834846
0.085434	-0.220467	1.054685
0.104651	-0.743194	1.189343
0.027911	-0.396547	-1.039788
-0.010798	0.306045	0.409090
0.218609	-0.323517	-3.079752
0.098738	-0.636831	1.292976
0.088068	-0.453463	-2.393135
-0.016963	-0.642597	-2.022840
0.035140	-0.372901	-0.949692
0.009434	-0.559437	-1.747918
-0.002633	0.858423	0.798210
0.047853	-0.088948	-0.489730
0.291632	-0.374010	-3.169184
0.304003	-0.520014	-2.868654
0.052739	-0.062989	-0.647798
-0.003580	1.556575	1.468847
0.023640	1.559291	1.276654
-0.009548	0.594548	0.485494
0.101777	1.160753	0.707130
0.160820	-0.769780	0.906929
-0.016399	-0.596473	-1.643191
0.337201	-0.424669	-3.182695
-0.012505	0.765443	0.773930
0.040853	-0.412237	-1.153511
0.012685	0.265892	0.337047
0.102648	-0.587280	-2.359551
0.023219	-0.497620	-1.410258
0.081277	-0.232779	-1.063633
-0.037182	0.539596	0.792668
0.075201	-0.002412	0.540609
0.118213	-0.693311	1.242125
-0.018888	0.316517	0.822265
0.265802	-0.515967	-2.765588
0.342786	-0.506925	-2.977172
0.163102	-0.469534	0.873581
0.013908	0.839355	0.777876
0.183175	-0.302245	-2.964125
0.001604	0.438255	0.422841
0.293010	-0.512540	-2.828621
0.172918	-0.559719	0.867631
0.092549	-0.239022	-0.361100
-0.007609	-0.591453	-1.670550
0.123885	1.249123	0.780887
0.088468	-0.330607	-1.322634
0.028974	0.880066	0.785892
0.056886	1.016852	0.868597
0.040779	0.928707	0.807527
0.085235	0.013231	0.219610
0.080645	-0.062139	-0.285648
-0.009291	-0.629130	-1.972449
0.075918	-0.044049	-0.455113
0.046388	-0.518234	-1.789672
0.016709	0.374013	0.365010
0.025001	0.643877	0.423454
0.053320	0.959660	0.822339
0.044957	0.914040	0.794141
0.015963	0.547432	0.414227
0.087336	-0.210613	-0.738630
0.054245	-0.443730	-1.328925
0.306101	-0.363755	-3.154194
0.085150	0.013004	-0.614282
0.092216	-0.095635	1.003272
0.028755	0.338876	0.319350
0.313682	-0.501027	-2.874317
0.084678	0.064730	0.403987
0.100340	-0.197942	-0.494886
0.113045	-0.268335	-1.246602
0.116664	-0.236865	-1.188984
0.061025	0.759454	0.404489
0.279774	-0.332391	-3.121942
0.059794	-0.451641	-1.401378
0.146969	1.310142	0.828782
0.137587	1.378684	0.928872
0.080672	0.825070	0.418608
0.096194	0.030412	0.552075
0.029985	-0.534156	-1.597965
0.136917	-0.262989	1.261093
0.145091	-0.602706	1.339953
0.090996	-0.478617	-2.016235
0.112451	0.007089	-0.740422
0.125494	1.454451	1.040619
0.108234	-0.388793	-1.602252
0.110596	-0.145858	-0.535653
0.064845	0.069893	0.914177
0.130783	-0.239542	-1.240255
0.347442	-0.483818	-2.968229
0.075313	0.182983	0.092382
0.191776	-0.467747	0.911570
0.365966	-0.466219	-3.056479
0.134607	-0.409993	-2.263745
0.117458	-0.177922	-0.806877
0.098390	1.269700	1.209694
0.138212	-0.258678	-1.340224
0.139001	-0.254332	-1.329557
0.107145	1.137469	0.999329
0.096823	-0.446182	-1.769765
0.156621	-0.322886	1.401407
0.117215	-0.567144	-2.357414
0.144455	-0.155678	0.805744
0.169715	1.293018	0.781354
0.134015	-0.009631	-0.821604
0.100878	0.099153	0.396630
0.172209	1.247466	0.724493
0.107029	0.850796	0.392384
0.024579	0.663557	0.749667
0.160611	-0.326048	-2.575934
0.135224	0.017579	-0.781400
0.140834	-0.009587	-0.839741
0.131715	-0.166014	-0.861129
0.163570	-0.319428	-2.598657
0.127280	-0.081708	-0.593869
0.176490	-0.723977	1.143428
0.164253	-0.214121	0.854809
0.155413	-0.185693	-1.203470
0.179933	-0.290948	-2.785156
0.200329	-0.424376	0.927336
0.149875	-0.015346	-0.874972
0.159277	-0.178783	0.834293
0.102879	-0.016750	1.011855
0.187858	-0.729575	1.086383
0.118858	-0.332902	-1.225044
0.162046	-0.150490	-1.143802
0.147889	-0.147985	-0.336848
0.209629	-0.481093	0.932226
0.046287	0.245510	0.867016
0.129031	1.108453	0.941029
0.158320	-0.380182	-2.228207
0.153986	-0.540675	-2.439736
0.152182	-0.098878	-0.207092
0.167871	-0.155738	-1.178437
0.112213	0.121119	0.398198
0.129089	0.032319	-0.373115
0.078130	0.333434	0.165211
0.148788	-0.337730	-1.644086
0.119579	0.068302	0.559472
0.127780	0.058955	-0.241147
0.104649	0.192989	-0.023123
0.176997	-0.192274	-1.345004
0.151341	-0.033523	-0.103755
0.124674	0.097571	-0.173499
0.038445	-0.596703	-2.059466
0.214927	-0.690855	0.977273
0.153553	-0.389134	-2.003645
0.161285	-0.381544	-2.126559
0.367857	-0.421928	-3.086478
0.160409	0.982686	0.432864
0.188273	-0.284490	-2.744702
0.178920	-0.332825	-2.363565
0.156109	0.955869	0.409548
0.111136	0.193935	-0.043085
0.049654	-0.531169	-1.686615
0.151676	0.106968	-0.678005
0.175143	-0.354538	-2.234991
0.180918	-0.324808	-2.406337
0.136626	0.119993	-0.502323
0.177710	-0.348095	-2.258291
0.183295	-0.126900	-1.168097
0.162603	-0.322225	-1.671950
0.086832	0.358675	0.150681
0.109464	0.218456	-0.021126
0.166366	-0.200908	1.276239
0.135385	0.081373	-0.244394
0.154704	-0.378404	-1.896236
0.081694	0.476819	0.195137
0.081694	0.476819	0.195137
0.159445	-0.170166	1.228926
0.164104	-0.324289	-1.690045
0.187553	-0.621277	1.321642
0.090380	0.104112	0.953691
0.170039	-0.208396	1.294920
0.032525	-0.575949	-1.876496
0.142602	-0.308248	-1.240448
0.167574	-0.108025	-0.275071
0.156076	-0.248062	-1.118268
0.141424	-0.313894	-1.251582
0.280168	-0.474281	-2.760996
0.160100	-0.091889	-0.416805
0.240197	-0.491534	-2.653499
0.161837	-0.099529	-0.400082
0.196272	-0.167351	-1.384516
0.090267	0.582528	0.212031
0.200716	1.390419	0.873787
0.142064	0.082617	0.093570
0.154303	0.022591	-0.030222
0.128630	0.803349	0.285658
0.154218	-0.135845	1.187891
0.187936	-0.291676	-2.631647
0.169602	-0.097453	-0.259846
0.124958	0.150251	0.327068
0.160863	1.520207	1.138344
0.198883	-0.350211	1.489900
0.199664	-0.175949	-1.430868
0.156540	0.021921	-0.048206
0.369796	-0.426684	-3.056602
0.125681	0.143489	0.410547
0.165723	-0.220787	-1.085961
0.143029	-0.322814	-1.282144
0.181056	1.027034	0.449917
0.339835	-0.458538	-2.913766
0.130374	0.148160	0.264215
0.154640	1.182804	1.066037
0.144783	-0.081280	1.127215
0.144218	0.995545	0.787718
0.172049	-0.066825	-0.770703
0.072506	-0.582023	-2.164492
0.204628	-0.129521	-1.298272
0.092442	0.132563	0.949253
0.207363	-0.127217	-1.315094
0.041919	-0.562367	-1.844089
0.079754	-0.578094	-2.185382
0.131515	0.136017	0.458060
0.203228	1.122010	0.536979
0.098342	0.428453	0.133110
0.112916	0.663932	0.195931
0.117767	0.870828	0.722184
0.085535	-0.474956	-1.607373
0.156090	0.077997	0.015755
0.094552	-0.569580	-2.227762
0.174900	-0.226481	-1.124123
0.365042	-0.435379	-3.002244
0.065586	-0.516496	-1.699870
0.161134	-0.292794	-1.259372
0.093804	0.774092	0.717547
0.197831	-0.506717	-2.524674
0.191659	-0.319494	-1.901777
0.163859	1.262433	1.196359
0.166680	-0.522951	-2.437430
0.137615	0.139817	0.476306
0.199002	-0.234851	1.406089
0.154303	0.833172	0.262843
0.349729	-0.445751	-2.933922
0.049022	-0.559276	-1.875876
0.177940	0.016016	-0.591748
0.099255	-0.455054	-1.586280
0.165877	-0.293475	-1.275963
0.156675	1.540094	1.323885
0.215571	-0.262367	-2.776339
0.214010	-0.580223	1.374038
0.081787	-0.572157	-2.162372
0.219736	-0.209337	-1.636580
0.197230	-0.164494	0.879133
0.219348	-0.220193	-1.671293
0.216795	-0.590521	1.360091
0.100951	-0.457217	-1.601629
0.237294	1.340509	0.760560
0.095739	0.198263	0.937743
0.202904	-0.041806	-0.841959
0.239167	1.272000	0.680469
0.154890	0.166756	0.107008
0.206400	-0.104146	-0.963102
0.195372	-0.503071	-2.500000
0.238872	-0.036624	-1.218608
0.147166	0.193226	0.315399
0.238546	-0.163560	-1.613492
0.243524	-0.376803	0.979588
0.247031	-0.119738	-1.542055
0.237012	1.203833	0.598329
0.104720	-0.456396	-1.614588
0.279060	-0.261811	-3.015906
0.194744	-0.004098	-0.231461
0.127432	0.472463	0.055491
0.069232	0.449950	0.835116
0.276256	-0.257453	-3.005627
0.145670	0.680674	0.112254
0.255872	-0.094835	-1.526627
0.229596	-0.251281	-2.788993
0.229348	-0.268879	-2.322847
0.220672	1.072060	0.443885
0.326419	-0.302065	-3.080484
0.086544	0.637819	0.749766
0.260420	0.004655	-1.271657
0.074578	-0.563144	-2.070288
0.223699	1.506373	1.028136
0.173896	-0.315885	-1.375158
0.246502	-0.241002	-2.108336
0.138098	0.515273	0.043170
0.080074	-0.560964	-2.090343
0.275617	-0.249703	-2.986413
0.233269	-0.243545	0.948410
0.182504	0.261405	-0.434841
0.198134	1.276958	1.221109
0.225632	1.057544	0.417606
0.143409	0.458320	-0.000610
0.203149	0.921161	0.283010
0.211977	-0.216943	-1.221037
0.119478	-0.441482	-1.615516
0.075778	-0.529324	-1.852595
0.160554	0.215665	0.364816
0.343268	-0.427898	-2.887739
0.219752	0.053491	-0.659146
0.173216	-0.334053	-1.427998
0.226713	0.035391	-0.727900
0.283588	0.118288	-1.195067
0.156729	0.561977	-0.030184
0.169271	0.128456	0.598223
0.230627	-0.161097	-1.130445
0.200332	1.473956	1.351089
0.176922	0.083166	0.671861
0.238402	-0.211696	0.946125
0.299346	0.044412	-1.448075
0.145317	0.106807	1.055392
0.219308	-0.134436	1.347392
0.303680	0.087952	-1.383287
0.174256	0.008906	1.152458
0.302392	-0.257466	-3.011928
0.293416	0.229701	-1.108472
0.210586	1.436485	1.340293
0.118970	0.692452	0.731470
0.296932	-0.088606	-1.806732
0.181318	0.234217	0.057011
0.190541	0.039421	0.742582
0.129390	0.201317	0.987509
0.173437	0.541980	-0.105255
0.241839	-0.161370	-1.162437
0.186145	0.893643	0.691362
0.174942	0.469637	-0.136859
0.216319	0.100165	-0.229308
0.209760	0.837697	0.150277
0.236711	0.301925	-0.635056
0.179559	0.427909	-0.164313
0.316673	0.211980	-1.242724
0.229511	0.128753	-0.520477
0.300069	-0.123526	-1.973454
0.249826	1.070326	0.400334
0.213106	0.835045	0.139748
0.317507	0.285178	-1.169233
0.203955	0.359552	-0.361638
0.327565	0.158083	-1.390299
0.227544	1.403839	1.324790
0.185136	0.520221	-0.141299
0.199441	0.700625	-0.045240
0.325231	0.241407	-1.244155
0.190616	0.585633	-0.120651
0.311750	-0.094568	-1.955240
0.267809	-0.040947	-0.972484
0.325802	0.309717	-1.173667
0.263471	-0.111507	-1.101403
0.182059	0.309752	0.189090
0.275396	-0.625197	1.236787
0.278212	1.273223	0.605667
0.284513	1.471195	0.880031
0.212326	-0.287271	-1.404727
0.278171	-0.219665	-2.869443
0.284988	-0.624860	1.148056
0.289780	-0.484113	1.471288
0.261586	0.376055	-0.667857
0.200359	0.084717	0.714665
0.304951	0.373131	-0.933667
0.257993	0.403995	-0.628189
0.247282	0.422589	-0.552740
0.230736	0.147231	-0.250764
0.272780	-0.215103	-2.438689
0.246501	0.454256	-0.528507
0.188562	0.283027	0.331019
0.343771	0.321149	-1.228565
0.350066	0.249701	-1.354105
0.229926	0.529559	-0.378350
0.278068	1.255480	0.568675
0.250682	0.527778	-0.511404
0.228758	0.589812	-0.319276
0.328155	0.409206	-1.038306
0.116650	-0.521638	-2.079104
0.249740	0.588485	-0.455433
0.236252	0.627148	-0.323799
0.320171	-0.107269	-2.062896
0.192474	0.330979	0.220997
0.290259	-0.296763	1.023676
0.276746	0.099210	-0.723035
0.237208	0.678512	-0.240469
0.232882	0.723580	-0.119041
0.122864	0.449469	0.882019
0.344063	0.424687	-1.096147
0.229877	-0.008905	0.837390
0.300652	1.488521	0.885250
0.271250	0.637138	-0.496701
0.138330	-0.446868	-1.727637
0.202842	-0.329293	-1.501495
0.257809	0.922998	0.213370
0.241641	0.773455	-0.031899
0.237538	-0.025701	0.857174
0.284042	1.277912	0.569431
0.199769	0.302957	0.347353
0.268466	0.676961	-0.400598
0.308604	0.594350	-0.720971
0.363018	0.052355	-1.849146
0.236557	-0.266447	-1.411272
0.373387	0.330916	-1.343128
0.154020	-0.423615	-1.685333
0.255189	0.860415	0.119610
0.301434	-0.413662	-2.698130
0.213421	0.330081	0.083284
0.266947	0.936483	0.223073
0.293223	1.347297	0.637599
0.286639	1.221998	0.507870
0.291581	1.342907	0.629668
0.206299	0.233016	0.521036
0.254174	0.794521	-0.015372
0.250624	-0.046637	0.886514
0.369373	0.053940	-1.879924
0.346449	0.536831	-0.938791
0.210797	0.195141	0.597310
0.338834	0.558027	-0.867083
0.383061	0.365834	-1.331933
0.283059	1.023316	0.315771
0.362965	0.490346	-1.064160
0.129806	-0.496052	-1.989595
0.277303	1.370995	1.308139
0.293721	0.164736	-0.635460
0.301323	1.379367	0.663729
0.309905	1.536971	0.975855
0.210423	0.289279	0.432585
0.210727	0.322373	0.360302
0.300230	-0.120487	-1.197236
0.393588	0.317500	-1.458912
0.317335	-0.595867	1.243765
0.319861	1.404279	0.713955
0.177712	-0.391870	-1.647122
0.274684	0.745943	-0.203149
0.276824	0.742643	-0.220304
0.343579	-0.345536	1.565771
0.272545	0.782623	-0.094950
0.345951	0.601080	-0.815582
0.308988	-0.402326	-2.693891
0.148275	-0.490638	-2.089134
0.242831	-0.441555	-2.476628
0.343920	0.622319	-0.772495
0.324407	-0.171638	1.559633
0.402672	0.273271	-1.577427
0.356023	0.584019	-0.867241
0.325187	-0.148483	-2.291543
0.285201	0.744513	-0.230206
0.202154	0.154139	1.144065
0.374707	-0.343452	-2.925294
0.405576	0.261198	-1.616385
0.354518	-0.066832	-2.101166
0.338865	-0.504082	1.443896
0.397056	0.463667	-1.228535
0.294672	1.136971	0.995810
0.300775	1.252400	0.511297
0.325662	-0.154089	-2.329504
0.331263	0.674594	-0.591079
0.188788	-0.469986	-2.255244
0.335199	0.013327	-0.994438
0.406928	0.200591	-1.739867
0.302310	1.048480	0.327269
0.271758	-0.419115	-2.553182
0.287908	-0.053353	1.424222
0.293883	1.239146	1.212937
0.222453	0.312560	0.432470
0.298317	0.739572	-0.274739
0.234822	-0.442318	-2.423730
0.292072	-0.404864	-2.619275
0.328900	0.688213	-0.543851
0.241259	-0.438371	-2.444760
0.289402	0.779919	-0.125202
0.374542	-0.007124	-2.028821
0.374542	-0.007124	-2.028821
0.309756	-0.189857	-2.571497
0.333983	-0.045901	-1.099334
0.413615	0.402283	-1.384878
0.308173	1.080889	0.355421
0.166467	0.600663	0.812604
0.322224	0.181328	-0.658305
0.416974	0.354495	-1.480605
0.226978	0.282502	0.496436
0.305253	1.427751	1.309458
0.241752	-0.294814	-1.505421
0.318648	-0.176680	-2.467385
0.313032	-0.391636	-2.675651
0.302619	0.971328	0.239456
0.391316	0.052034	-1.961975
0.345899	0.674831	-0.608706
0.312352	1.099963	0.370337
0.308897	1.376547	1.305279
0.348294	-0.554496	1.171901
0.420210	0.243609	-1.711685
0.421741	0.398644	-1.421614
0.314125	1.124127	0.390834
0.354232	-0.508395	1.432286
0.341759	-0.046242	-1.111935
0.306637	1.299360	0.536022
0.298256	0.866861	0.084298
0.349943	-0.561130	1.192167
0.301545	0.897206	0.133687
0.423136	0.239076	-1.729486
0.373732	-0.297432	1.585137
0.385906	0.607833	-0.885956
0.274060	0.316005	-0.181930
0.334163	-0.190571	-2.859891
0.314708	1.224868	0.472918
0.300030	-0.393655	-2.612948
0.337139	-0.251407	1.064833
0.335777	-0.154043	-2.388268
0.307784	0.273779	-0.434533
0.284312	-0.227417	-1.423282
0.345374	0.169232	-0.715457
0.380972	-0.293532	-2.939554
0.171189	-0.461521	-2.040854
0.313474	0.272694	-0.452897
0.300565	0.953304	0.652530
0.312311	0.787727	-0.122701
0.303138	-0.193594	-1.367115
0.365596	-0.436122	1.133520
0.322946	1.351227	1.299307
0.259331	-0.279383	-1.506789
0.367222	-0.510946	1.420739
0.247168	0.422509	0.251934
0.436809	0.427520	-1.413298
0.366870	-0.508467	1.164684
0.300853	-0.202907	-1.391920
0.312009	0.291192	-0.400120
0.383550	-0.232462	1.596445
0.286203	0.334722	-0.180800
0.368640	-0.529971	1.383256
0.370572	0.084386	-0.919736
0.428200	0.545331	-1.138808
0.334841	1.414007	1.298603
0.372860	0.060037	-0.963750
0.325775	1.158359	1.083246
0.421680	0.121143	-1.911371
0.441147	0.253100	-1.752282
0.429076	0.562305	-1.091614
0.328746	0.970322	0.218310
0.424205	0.587703	-1.014137
0.184283	-0.428094	-1.893843
0.329720	1.202315	1.183702
0.251401	0.297092	0.534668
0.349484	-0.179749	-2.819950
0.396588	0.665681	-0.716768
0.401691	-0.401677	1.536300
0.321559	0.001634	1.446545
0.355599	-0.184604	-2.851347
0.346872	1.388433	1.295369
0.196759	0.401635	1.003337
0.360136	1.526897	1.165844
0.379933	0.704525	-0.534744
0.333273	0.898070	0.113013
0.256243	0.359025	0.458968
0.455897	0.295578	-1.717246
0.197850	0.576771	0.863061
0.383098	-0.013924	-1.104736
0.338759	0.811907	-0.066664
0.370468	1.559389	1.066206
0.345232	1.068793	0.316533
0.344484	1.218211	1.213681
0.459856	0.289744	-1.735212
0.282944	0.441006	0.116310
0.263293	0.410315	0.407169
0.337219	1.295492	0.501553
0.388933	-0.275529	-2.880944
0.450696	0.584748	-1.066398
0.390460	-0.019707	-1.124870
0.395067	-0.105560	1.594206
0.220161	0.659609	0.803954
0.313599	0.008787	0.931583
0.428348	-0.274213	1.591597
0.357602	1.117287	0.971593
0.211644	-0.409404	-1.964494
0.401306	0.007111	-1.087510
0.285052	-0.269233	-1.552434
0.373531	-0.199344	1.088334
0.274470	0.181482	1.249056
0.292220	0.463460	0.151465
0.210903	0.483155	0.967153
0.414863	-0.007702	-2.094744
0.375808	1.365650	1.287754
0.295734	0.127310	0.818437
0.439185	-0.248910	1.598456
0.365358	1.125967	1.015640
0.485131	0.416677	-1.543119
0.410590	1.522281	0.886661
0.441488	0.659000	-0.765124
0.433330	-0.445024	1.479545
0.438884	0.068757	-2.002466
0.472134	0.597038	-1.051718
0.410610	0.713495	-0.482685
0.267284	0.748903	0.718690
0.232471	-0.389264	-1.978173
0.425572	0.061986	-1.016973
0.418785	0.194242	-0.753403
0.353113	-0.168180	-1.418163
0.287168	0.775225	0.668765
0.379963	1.010927	0.666680
0.312966	0.473522	0.116772
0.310460	0.127325	0.837973
0.481721	0.255554	-1.790037
0.419852	1.542544	0.987094
0.344440	0.000429	0.975258
0.372138	1.179299	0.392730
0.367578	-0.312750	-2.662099
0.330890	0.847229	0.597966
0.335844	0.429302	-0.064599
0.465845	-0.349999	1.557085
0.338985	0.424854	-0.079426
0.467827	-0.256563	1.593680
0.293233	0.316348	0.604469
0.343969	0.420441	-0.097319
0.370963	1.442601	0.631057
0.300994	0.239147	0.724273
0.511499	0.504912	-1.392272
0.347387	0.126931	1.404754
0.393465	0.796913	-0.109586
0.352529	0.415744	-0.123102
0.375654	-0.300144	-2.654320
0.491232	0.635072	-0.929458
0.326013	-0.232311	-1.565689
0.316669	0.520936	0.300931
0.397554	-0.260425	-2.748888
0.434535	0.247667	-0.650425
0.448400	1.485016	0.804593
0.445676	1.466147	0.755828
0.451344	1.499250	0.853929
0.399989	1.134293	1.076578
0.411556	0.325352	-0.456670
0.272948	-0.347416	-1.986964
0.350297	-0.200648	-1.527202
0.275851	0.353945	1.152703
0.372695	-0.008146	1.013839
0.252295	0.513375	0.996031
0.446897	0.245263	-0.662323
0.401051	0.885266	0.064298
0.374652	1.383018	0.533486
0.313202	-0.338967	-2.262056
0.344799	-0.319189	-2.428198
0.389339	0.927715	0.584143
0.486709	-0.139466	1.617751
0.367721	0.151049	1.422079
0.403727	1.053087	0.260489
0.480463	0.668999	-0.641381
0.380361	1.372365	0.520763
0.383291	1.417362	0.580112
0.417474	1.115645	1.024647
0.406211	1.081924	0.286722
0.409194	-0.231512	-2.701729
0.264156	0.529649	0.996089
0.324582	0.255227	0.744070
0.308676	0.308715	1.229872
0.333084	0.770022	0.637705
0.345294	0.554021	0.279736
0.332930	-0.318068	-2.274563
0.409071	1.098803	0.300333
0.345437	0.557544	0.294588
0.475655	-0.352541	1.234445
0.302919	0.340527	1.202410
0.345523	0.561049	0.309622
0.393861	-0.006760	1.035332
0.403020	0.923249	0.573864
0.451644	-0.045471	-1.266258
0.327401	0.281639	0.719285
0.310038	0.330943	1.218719
0.436571	0.765486	-0.192141
0.330292	0.279254	1.279770
0.452519	1.342342	1.254023
0.491172	0.134878	-0.929746
0.417018	-0.150384	-2.407201
0.368528	0.504726	0.076921
0.415568	1.103264	0.299863
0.393058	0.017004	1.021401
0.327004	0.452801	0.514338
0.437551	1.033413	0.703825
0.418103	-0.058980	1.081952
0.488652	-0.372174	1.255033
0.354167	-0.213996	-1.652399
0.327524	-0.303697	-2.109457
0.470546	0.034999	-1.984995
0.441206	-0.079118	-1.358304
0.307313	0.372671	1.187886
0.360267	0.570748	0.276627
0.280524	0.541608	1.004539
0.378954	0.497510	0.039043
0.282250	0.584350	0.959329
0.358248	0.168183	0.866458
0.304771	0.699126	0.813732
0.355837	0.583617	0.356837
0.350934	-0.222636	-1.717763
0.381214	0.210529	1.403266
0.444854	1.086599	0.912255
0.329384	-0.267835	-1.864725
0.444303	-0.080658	-1.377270
0.429452	0.387964	-0.295914
0.405482	1.404744	0.566049
0.373336	0.548871	0.181308
0.504540	1.463167	0.834297
0.332269	-0.273968	-1.936974
0.438228	0.123050	1.535835
0.378466	0.530540	0.128289
0.337223	-0.277481	-2.008855
0.500475	1.490287	0.951256
0.393545	0.483177	-0.016250
0.446845	1.109440	1.025997
0.517708	0.186002	-1.803624
0.498218	0.033813	-1.139037
0.421602	-0.198815	-2.535369
0.362904	0.189455	0.854885
0.453224	-0.052640	-2.085620
0.545309	-0.233939	1.585731
0.425738	-0.186829	-2.526263
0.344651	0.516036	0.493901
0.471291	0.008249	-1.985304
0.556080	0.624475	-0.957212
0.427691	-0.114591	-1.481989
0.496870	1.416103	0.686987
0.493504	0.082082	-1.892836
0.425288	-0.118785	-1.497950
0.423435	-0.183122	-2.423635
0.374055	0.606859	0.337899
0.491130	0.284826	-0.588653
0.429909	1.155345	0.336170
0.424954	-0.120725	-1.515225
0.455556	0.789627	-0.108982
0.449117	0.832778	-0.019674
0.449117	0.832778	-0.019674
0.408293	0.473725	-0.052555
0.375257	-0.255235	-2.191511
0.530363	0.208161	-1.769558
0.466415	-0.059003	-1.370623
0.500951	-0.252333	1.224644
0.354037	0.546338	0.488723
0.438996	-0.120032	-2.187218
0.390940	0.553145	0.162062
0.376229	0.618964	0.382146
0.504160	0.099551	-1.853245
0.533596	-0.427274	1.387425
0.463548	0.370636	-0.363545
0.523100	0.074057	-1.077472
0.416568	0.472304	-0.062956
0.306212	0.570910	1.005211
0.404410	0.096718	0.979120
0.408649	0.503747	0.015915
0.504968	0.281590	-0.599944
0.386070	0.627200	0.349118
0.468533	1.015931	0.655023
0.471051	0.364728	-0.382299
0.388001	0.161986	0.908509
0.432450	-0.145575	-2.176957
0.375451	-0.209120	-1.825709
0.404988	0.806619	0.532634
0.449299	1.371278	0.579355
0.584372	0.446642	-1.480948
0.402281	-0.198404	-2.099692
0.534292	0.098311	-1.036593
0.397996	-0.191589	-2.007715
0.452132	1.046165	0.222711
0.397207	-0.171429	-1.748254
0.519951	0.126648	-1.802560
0.383742	0.206397	0.867431
0.386438	0.748158	0.570446
0.392257	-0.190138	-1.885807
0.391900	0.749778	0.551353
0.434496	-0.116256	-1.955578
0.416200	-0.151131	-1.928015
0.400153	0.651095	0.360484
0.415970	-0.151653	-1.909494
0.480207	0.376714	-0.350765
0.459208	-0.012165	1.100131
0.423696	-0.132850	-1.703798
0.553974	-0.394684	1.351680
0.402681	0.734027	0.498806
0.366061	0.386760	0.667545
0.477310	0.808009	-0.059438
0.379885	0.277533	0.803478
0.370331	0.528437	0.551694
0.444493	1.372416	0.542601
0.424153	-0.143279	-1.876620
0.369985	0.485912	0.580191
0.495732	1.347311	0.587066
0.497802	1.186139	1.221212
0.527762	0.013604	-1.287538
0.532707	1.362621	1.176715
0.463856	-0.063247	-1.856412
0.438556	-0.116617	-1.751431
0.506355	0.740957	-0.228294
0.547450	0.256439	-0.665514
0.575433	-0.384274	1.389102
0.392060	0.710262	0.605558
0.451406	-0.097051	-1.839852
0.602947	-0.281543	1.532303
0.421559	0.164333	0.947041
0.534411	1.361366	0.625693
0.502490	1.030228	0.711348
0.548901	0.040058	-1.242135
0.624795	0.562033	-1.212291
0.492612	-0.011834	-1.801849
0.533081	0.319926	-0.497814
0.431604	0.696930	0.370045
0.504982	1.009928	0.642357
0.438121	0.755169	0.439604
0.441846	0.552513	0.099493
0.390737	0.408239	1.291154
0.569851	0.078237	-1.150350
0.476801	0.452716	-0.149436
0.511058	1.085362	0.990810
0.589955	0.638012	-0.662117
0.618437	0.611906	-0.888935
0.622215	0.401945	-1.494321
0.630198	0.450455	-1.431831
0.527712	0.735942	-0.229077
0.578380	1.368049	0.701092
0.590647	0.203319	-0.841179
0.585484	1.374231	0.734517
0.473496	1.211949	0.359448
0.381539	0.489460	1.200246
0.505249	0.423150	-0.230344
0.626185	-0.307786	1.476268
0.457739	0.566717	0.117756
0.536835	0.026141	-1.568951
0.516738	0.973068	0.575975
0.506638	0.905596	0.083786
0.561245	0.319284	-0.495130
0.376275	0.569436	1.098930
0.412438	0.662256	0.628862
0.648208	-0.233215	1.540787
0.488481	0.486251	-0.064700
0.565887	0.065426	-1.494978
0.592024	1.345304	0.668447
0.646274	0.599891	-0.902085
0.585058	0.091706	-1.407997
0.582112	1.332258	0.626848
0.541454	1.061896	0.891142
0.470665	0.162394	1.005496
0.620758	0.189877	-0.910510
0.619330	0.211474	-0.846166
0.622584	0.184464	-0.925364
0.606472	1.345094	0.701106
0.584551	0.682242	-0.403548
0.620332	0.130758	-1.144567
0.560443	0.363934	-0.382949
0.559891	1.148941	1.167135
0.398009	0.675743	0.951379
0.550270	1.291149	0.551664
0.599425	-0.145935	1.268820
0.663080	0.399000	-1.432225
0.534535	0.834404	0.000688
0.502483	1.173257	0.325860
0.551993	1.284981	0.545736
0.428996	0.404453	0.770391
0.640192	0.156926	-1.129357
0.552368	0.405850	-0.268523
0.569327	1.115729	1.118415
0.629907	1.335849	0.745441
0.689025	0.565897	-1.118501
0.433806	0.628067	0.664349
0.640474	-0.215180	1.330412
0.513327	0.829253	0.441215
0.511458	0.814910	0.428450
0.498972	0.578244	0.122933
0.433360	0.516755	0.693599
0.436725	0.447110	0.748670
0.689501	-0.227939	1.496287
0.660473	0.188831	-1.132499
0.574526	1.050349	0.873908
0.570277	1.269967	0.540291
0.630826	0.282334	-0.601464
0.630826	0.282334	-0.601464
0.628067	1.298492	1.108977
0.440531	0.464305	0.742798
0.588049	1.115690	1.117814
0.547902	0.336218	1.569302
0.444780	0.622927	0.688538
0.629234	0.665966	-0.450029
0.454741	0.509836	1.293498
0.645198	1.312334	0.715513
0.673332	0.212609	-0.991528
0.572151	0.987462	0.611786
0.445330	0.549428	1.229095
0.547827	0.467641	-0.114413
0.573934	1.258991	0.530752
0.707536	-0.209231	1.496978
0.672021	0.242662	-0.841872
0.517616	0.568070	0.101874
0.546019	0.882766	0.482694
0.693253	0.312653	-1.315461
0.534422	0.514301	-0.003901
0.689202	0.239789	-1.095855
0.482996	0.483954	1.372222
0.482996	0.483954	1.372222
0.712239	-0.210937	1.480345
0.442170	0.674538	1.001060
0.548881	0.137895	1.103247
0.564411	1.244421	0.509786
0.613116	0.358482	-0.383598
0.613116	0.358482	-0.383598
0.715879	0.416009	-1.252478
0.545909	0.499251	-0.035687
0.724346	0.526334	-1.100964
0.706890	0.321083	-1.217582
0.685863	0.615604	-0.666904
0.706124	0.303415	-1.175661
0.697087	0.248599	-0.994329
0.538484	1.134534	0.291244
0.701748	0.265760	-1.075767
0.537499	0.535298	0.038927
0.704154	0.275876	-1.095379
0.700947	-0.207444	1.392426
0.670346	0.275955	-0.659175
0.718711	0.542713	-0.906066
0.732510	0.513358	-1.156183
0.580321	0.441488	-0.173584
0.580321	0.441488	-0.173584
0.633781	1.166667	1.142170
0.734385	0.507960	-1.138049
0.530881	1.297606	0.441211
0.698571	0.608525	-0.688989
0.531234	1.283847	0.401736
0.735308	0.502007	-1.117899
0.531800	1.297301	0.433361
0.736351	0.495475	-1.096063
0.565887	0.977382	0.147846
0.715152	0.566389	-0.785743
0.745906	-0.077239	1.568320
0.586075	0.823491	-0.005564
0.510613	0.500794	1.408081
0.707646	0.280935	-0.832794
0.561634	1.047614	0.209110
0.737794	0.401844	-1.135455
0.715526	0.292368	-0.869756
0.613895	1.019410	0.760971
0.602846	0.976682	0.608705
0.588639	0.457379	-0.131835
0.672510	1.264802	0.663080
0.526147	0.291187	0.975618
0.740775	0.480057	-0.932871
0.562761	1.227565	0.470147
0.588061	0.154642	1.130592
0.758005	-0.026749	1.578091
0.557642	1.141165	0.293291
0.705705	-0.102638	1.334835
0.550706	0.727066	0.333687
0.627285	1.030638	0.858149
0.486506	0.636020	1.144841
0.490779	0.652184	0.784147
0.735639	0.347668	-0.843457
0.706688	0.309957	-0.637101
0.568108	0.548636	0.067444
0.496328	0.656748	0.798646
0.569422	1.224374	0.455592
0.499909	0.633305	1.170306
0.732324	0.581894	-0.659403
0.600022	0.896464	0.078754
0.501056	0.650817	1.132274
0.518907	0.412927	0.898366
0.580470	0.539424	0.050744
0.764372	0.086951	1.599984
0.753286	0.462144	-0.777653
0.578764	1.211350	0.451904
0.648639	1.026147	0.868860
0.580338	0.491386	1.565776
0.588802	0.481929	1.585797
0.520608	0.625481	1.217748
0.660792	0.723157	-0.212243
0.572360	0.696957	0.296983
0.548084	0.365749	0.957772
0.518332	0.519895	0.849448
0.757947	0.499034	-0.692294
0.732089	0.366953	-0.570816
0.752719	0.407103	-0.667725
0.629390	0.929238	0.560634
0.606752	0.849755	0.464332
0.582743	0.659176	0.242803
0.665462	0.738155	-0.166021
0.668378	1.017507	0.862164
0.647229	0.194047	1.163976
0.822902	0.015906	1.568002
0.733030	0.661494	-0.445929
0.767743	0.214305	1.623275
0.536858	0.570997	0.862409
0.719919	0.394603	-0.405450
0.614837	1.162423	0.450420
0.596291	0.694984	0.294551
0.667156	0.433304	1.669229
0.757519	0.517631	-0.527980
0.559458	0.654732	1.203703
0.567963	0.630322	1.276387
0.778764	0.237517	1.629785
0.667556	0.963757	0.642116
0.644602	0.898082	0.542414
0.618509	0.796509	0.423726
0.843104	-0.064797	1.467469
0.605435	1.226194	0.385862
0.664984	0.477068	-0.096998
0.678864	1.150810	0.515071
0.630715	1.143825	0.446073
0.755494	1.169436	0.968650
0.762390	1.194190	0.892419
0.732932	1.177922	0.633527
0.751836	0.489930	-0.407819
0.641403	0.544836	0.053424
0.814521	-0.004777	1.368542
0.637941	1.012249	0.171520
0.618383	0.672708	0.263509
0.642689	0.989708	0.147659
0.571125	0.601485	0.907510
0.633957	0.563966	1.636122
0.575617	0.659175	0.930319
0.622262	0.594948	1.518740
0.621969	0.600245	1.495477
0.751860	1.096548	0.996719
0.736833	0.503352	-0.293439
0.710926	0.993649	0.815823
0.693148	0.489771	-0.116588
0.612232	0.635032	1.329341
0.751535	1.074140	0.984302
0.643702	0.579920	1.640623
0.636075	0.386529	1.047186
0.636075	0.386529	1.047186
0.656923	0.982176	0.137950
0.756936	1.162548	0.670738
0.763304	1.165495	0.701035
0.594442	0.559164	0.946159
0.649992	1.031464	0.192327
0.633556	1.184510	0.383713
0.641446	1.138208	0.413266
0.781361	1.161433	0.868424
0.637020	0.684435	0.281349
0.710679	0.264867	1.183906
0.723444	1.128652	0.553480
0.750553	0.553668	-0.276130
0.745791	0.546094	-0.256450
0.721134	0.518518	-0.163246
0.733124	0.453539	1.730390
0.635472	0.432452	1.027577
0.739738	0.700498	-0.206495
0.741167	1.009582	0.896526
0.655771	0.605492	0.151856
0.611656	0.548735	0.969689
0.715021	0.288956	1.176212
0.741033	0.703530	-0.187014
0.789736	1.148477	0.817458
0.862597	0.253392	1.638659
0.667591	0.595235	0.122455
0.631363	0.688560	1.175040
0.717654	0.551936	-0.089704
0.659443	0.626746	1.464772
0.691986	0.563345	0.024028
0.661957	0.770494	0.418765
0.744811	0.706282	-0.164807
0.681672	0.584733	0.084472
0.766786	0.644281	-0.243405
0.601944	1.346096	2.447912
0.675271	0.609979	0.141175
0.687604	0.582365	1.771172
0.659831	1.143806	0.379808
0.700796	1.089379	0.475760
0.791883	1.070202	0.919051
0.634859	0.634407	1.001789
0.617397	1.410746	2.429120
0.726350	0.589581	-0.055124
0.791392	1.122857	0.713019
0.692978	0.409398	1.098227
0.783737	0.454169	1.761339
0.678815	0.647638	1.393584
0.738009	0.340214	1.173662
0.669677	1.146867	0.317742
0.707893	0.579853	1.827870
0.711602	0.854288	0.062708
0.899766	0.286555	1.655853
0.678191	1.105617	0.387629
0.954091	0.054047	1.475158
0.654259	1.610302	2.372266
0.712435	0.592312	1.842526
0.763195	0.642957	-0.122954
0.731034	0.560161	1.861455
0.613772	1.110757	2.533326
0.739366	0.911059	0.653457
0.701031	0.655230	1.394701
0.780669	1.083029	0.614943
0.718443	0.604553	1.854501
0.675916	0.576105	1.043615
0.779071	1.076436	0.603166
0.616736	1.238185	2.598466
0.688655	1.126525	0.314843
0.687029	1.741138	2.317067
0.693838	1.741579	2.290428
0.800902	0.995388	0.860610
0.926306	0.312382	1.673520
0.770966	0.536000	1.885056
0.747514	0.755866	0.015770
0.697114	1.111275	0.349340
0.749206	0.890519	0.642620
0.717125	0.677969	1.302935
0.787010	1.057281	0.600489
0.739891	0.643194	1.548206
0.777930	1.049122	0.569764
0.743650	0.603465	1.947217
0.669595	1.003587	2.440686
0.934189	0.160844	1.374178
0.652545	1.359006	2.589134
0.752444	0.592358	1.965453
0.724667	1.039376	0.429033
0.714406	0.746289	0.400721
1.015352	0.172961	1.580259
0.752514	0.607687	1.981038
0.752644	0.636686	1.865843
0.817118	0.365190	1.233624
0.763535	1.028290	0.513233
0.738714	1.025008	0.450574
0.754522	0.737638	0.071807
0.656013	1.072072	2.604875
0.700287	1.603603	2.479281
1.005629	0.242635	1.627836
0.717003	1.705902	2.418666
0.748857	0.726004	0.117399
0.696128	1.530455	2.520211
0.746269	0.716979	0.142273
0.752125	0.809844	0.113567
0.741083	1.020591	0.435034
0.741936	1.441787	2.321628
0.726624	1.164574	2.372435
0.775800	0.642991	1.795762
0.751402	1.550199	2.285479
0.763245	1.761095	2.222065
0.771402	0.660423	1.450235
0.776839	0.645543	1.863738
0.845397	0.372215	1.254744
0.772837	0.663732	1.429098
0.783430	0.647466	1.576379
0.834098	1.008160	0.748494
0.756473	1.812774	2.319120
0.686421	0.984842	2.574606
0.751149	0.721509	0.174917
0.738879	0.755896	0.431062
0.781873	0.651220	1.923992
0.685378	1.171344	2.623006
0.779639	1.788956	2.210759
0.754964	0.733600	0.175114
0.775422	0.663247	2.062075
0.736871	0.909295	2.369063
0.743504	1.684735	2.443193
0.781274	0.662730	2.019709
0.732995	0.877343	2.386650
0.981018	0.361277	1.726003
0.786233	0.617381	2.101889
0.798396	0.646702	1.796951
0.779740	0.851586	0.638607
0.832985	0.966913	0.764182
0.832985	0.966913	0.764182
0.750592	0.706363	0.239293
0.804109	0.644600	1.707631
0.744774	1.049767	0.292749
0.763193	0.780957	0.169676
0.751125	1.015907	0.398810
0.762140	0.752202	0.183583
0.909295	0.465004	1.864979
0.709258	0.986109	2.583638
0.765748	0.858461	0.169041
0.791763	0.858566	0.658686
0.789261	1.835483	2.302027
0.710188	1.160534	2.620734
0.759713	0.803093	2.352423
0.839289	0.983122	0.703910
0.804408	0.676050	2.023438
0.819779	0.490362	1.203295
0.795180	0.851885	0.653827
0.792753	0.844884	0.642213
0.823773	0.909911	0.726818
0.854984	0.441159	1.244575
0.788626	0.640858	1.210786
0.766774	0.996466	0.407234
0.760930	1.024078	0.348528
0.817992	0.664050	1.430605
0.831087	0.649725	1.587937
0.764677	0.726349	0.323563
0.826839	0.669011	1.958210
0.983642	0.279778	1.367436
0.738925	1.001905	2.589344
0.779103	0.777168	0.211904
0.804279	1.162905	2.336675
0.852639	0.480280	1.237167
0.776306	0.768510	0.461757
0.819672	0.665908	1.328049
0.793166	0.750719	2.363140
0.777282	1.520519	2.526344
0.875727	0.547154	2.085385
0.798247	0.810135	0.581171
0.821788	0.846395	2.258153
0.784392	0.834560	2.470876
0.829438	0.811651	2.226222
0.842074	0.542149	1.227965
1.059884	0.356185	1.736780
0.817034	0.717572	2.348396
0.997936	0.315578	1.371059
0.860676	0.652932	1.535010
1.031960	0.400527	1.802451
0.852258	0.742653	2.127578
0.851329	0.772333	2.167978
0.875539	0.646611	1.672991
0.795491	0.965220	0.387863
0.984795	0.460302	1.918318
0.869880	0.712035	2.059394
0.837394	0.859461	0.665283
0.980380	0.373236	1.355106
0.881762	1.867438	2.235507
0.874987	0.540557	1.266129
0.867540	1.204595	2.300128
0.875509	0.808028	2.184855
0.871771	0.907714	2.251990
0.853070	0.709492	2.369539
0.826698	0.919785	0.495530
0.886975	0.784303	2.153167
0.906048	0.648699	1.779173
0.878449	0.641546	1.374430
0.981465	0.490395	2.017086
1.049160	0.323447	1.399796
0.888207	0.645433	1.418385
0.943010	0.469007	1.325150
0.933865	0.485577	1.318406
0.918150	0.644738	1.709879
0.831946	0.899999	0.465495
0.840355	0.827673	0.564608
0.824516	0.827887	0.340470
0.825704	0.820199	0.354137
0.842138	0.885668	0.502638
0.830588	0.813745	0.415595
0.831153	0.827386	0.378023
1.165458	0.316888	1.690558
0.921273	0.948842	2.231163
0.935917	0.642413	1.681990
0.932363	0.642377	1.606848
1.069370	0.346721	1.411799
0.860606	1.173128	2.552935
0.916191	0.609035	1.378793
0.957180	1.868440	2.182659
0.942779	1.850184	2.277299
0.923060	1.727122	2.380136
0.873065	1.034905	2.535563
0.873065	1.034905	2.535563
0.943590	0.918845	2.202586
0.973593	1.808482	2.133329
1.197777	0.259516	1.558665
0.931489	0.613971	1.415084
0.954405	0.638893	1.636974
0.954405	0.638893	1.636974
0.932502	1.692033	2.392842
0.957298	0.637464	1.614045
1.072255	0.459637	1.996803
0.971203	0.641348	1.747323
0.971977	1.345696	2.228777
0.973739	0.869944	2.158410
1.214407	0.273700	1.566687
0.981667	1.843014	2.270276
0.986488	1.853074	2.250797
1.195825	0.276338	1.507688
1.011833	1.805889	2.121203
0.918874	1.097786	2.512441
0.992813	1.829212	2.279498
0.968778	0.592340	1.446885
1.188859	0.296489	1.493559
1.102528	0.391568	1.441861
1.214640	0.353481	1.762359
0.941834	1.053090	2.493467
0.989984	0.666529	2.339468
0.960654	0.866075	2.443917
1.017384	0.720312	2.001507
1.018974	0.806148	2.089003
1.021454	0.674118	1.912006
0.960662	1.015047	2.475180
1.196083	0.395240	1.866455
1.121123	0.465739	2.048537
1.032835	0.515314	1.448999
1.230978	0.367704	1.798206
1.037668	0.679931	1.922543
1.039508	0.607655	2.273831
0.995812	1.423220	2.436136
0.986176	1.083540	2.464730
1.232130	0.378366	1.825294
1.199039	0.342565	1.500991
1.243371	0.371482	1.806238
1.261666	0.347604	1.737258
1.059793	0.856744	2.094470
1.138914	0.474590	2.074456
1.069603	1.170369	2.172147
1.059482	1.698609	2.306858
1.014682	1.027086	2.438683
1.107465	1.843785	2.109784
1.043919	1.516218	2.379784
1.122451	0.514177	2.146436
1.154586	0.413159	1.495349
1.031726	1.000558	2.422973
1.095908	1.167636	2.154518
1.083265	1.691807	2.291017
1.080375	1.667314	2.303403
1.098821	1.208233	2.154735
1.257762	0.386570	1.843194
1.257762	0.386570	1.843194
1.095325	0.921921	2.098794
1.270196	0.327998	1.581088
1.044397	1.225613	2.419375
1.044397	1.225613	2.419375
1.119086	0.552442	2.195264
1.289384	0.332744	1.643142
1.113525	1.191391	2.144418
1.286612	0.331646	1.618591
1.071021	0.807302	2.358919
1.284222	0.333156	1.603884
1.281566	0.335056	1.593424
1.298671	0.339462	1.660349
1.072073	1.234385	2.398069
1.124221	0.924572	2.080854
1.113447	1.601918	2.300378
1.128400	0.944914	2.086012
1.087669	1.316142	2.379071
1.095688	0.549291	1.611185
1.157504	1.460907	2.113795
1.307896	0.344977	1.665085
1.138839	1.626662	2.270579
1.158331	1.265640	2.119518
1.119681	0.647185	1.838338
1.170808	1.748055	2.185989
1.128214	1.473047	2.324431
1.136966	0.715262	1.939695
1.169843	0.458155	1.557957
1.150078	0.807952	2.009008
1.116471	1.060340	2.366239
1.144447	0.693502	2.271798
1.216035	0.496396	2.103415
1.158813	0.654868	2.247627
1.290270	0.416114	1.927154
1.201413	1.440036	2.090992
1.181643	0.593536	2.204054
1.142257	0.911712	2.330036
1.171446	1.507238	2.281252
1.150772	0.839988	2.309983
1.168462	0.757659	1.958426
1.161641	0.769685	2.283838
1.156239	0.660122	1.856286
1.234824	1.585446	2.059244
1.171808	1.356714	2.307866
1.174455	0.752231	2.269743
1.169448	1.249502	2.320191
1.221180	1.254587	2.078639
1.257486	1.736854	2.049587
1.259535	1.743505	2.058241
1.238631	1.408943	2.069304
1.179055	0.846392	2.289523
1.179414	0.701292	1.898744
1.230511	0.436857	1.602413
1.191320	0.749747	2.256708
1.173673	0.651423	1.844252
1.321780	0.419717	1.928978
1.214183	0.903414	2.006368
1.202164	1.314480	2.285854
1.260433	1.460131	2.053109
1.287786	0.472170	2.041598
1.242216	0.437088	1.615518
1.288408	1.689476	2.041872
1.353352	0.376914	1.752403
1.291680	1.696542	2.052288
1.229895	0.656514	2.202668
1.187531	0.619232	1.813189
1.280474	1.655803	2.117178
1.216379	0.777450	1.931855
1.275089	0.526250	2.105829
1.305709	1.661009	2.035214
1.301509	1.669324	2.073529
1.234232	0.731499	2.219556
1.346009	0.424847	1.929506
1.264738	0.589175	2.150449
1.310732	1.639090	2.081407
1.293951	1.556686	2.144153
1.208970	0.617308	1.815848
1.351553	0.431708	1.939921
1.284949	0.566548	2.124047
1.250546	1.051572	2.253079
1.260874	0.887459	1.952519
1.297571	0.423283	1.663881
1.375469	0.400414	1.833589
1.261988	0.978298	2.236998
1.241899	0.722606	1.877103
1.322622	1.505983	2.122143
1.269620	0.878447	2.215389
1.269620	0.878447	2.215389
1.337611	0.406656	1.703753
1.345974	0.403769	1.715332
1.371322	0.396617	1.764696
1.250639	0.489165	1.681352
1.381774	0.416160	1.874389
1.360724	1.469782	1.987972
1.365898	1.511659	1.998320
1.311084	1.037992	1.965155
1.290798	0.955601	2.204301
1.247412	0.636722	1.828503
1.297114	0.748069	2.164748
1.373672	1.490790	1.992094
1.363085	1.362842	1.979072
1.332479	0.424687	1.699628
1.252036	0.537317	1.735531
1.313383	0.959462	1.931579
1.310331	0.962690	2.182785
1.318599	0.673876	2.124854
1.326732	1.139108	2.176116
1.322284	1.057856	2.176974
1.379193	1.438457	2.050038
1.310454	0.457402	1.686997
1.269642	0.618832	1.811603
1.325193	0.860419	2.152902
1.271449	0.546145	1.736841
1.391499	1.409198	2.033694
1.350563	0.602974	2.071236
1.375105	1.302517	2.093865
1.278833	0.570906	1.761778
1.402727	1.329092	1.956326
1.380779	1.276041	2.087559
1.315676	0.804331	1.869903
1.356188	1.012849	2.129875
1.350293	0.776408	2.105357
1.358656	0.670990	2.073874
1.356276	0.763964	2.094210
1.378996	1.129474	2.100383
1.370727	0.630303	2.051627
1.402243	1.248264	2.050277
1.308128	0.535639	1.713094
1.345887	0.862409	1.866382
1.416391	1.270471	2.013990
1.335407	0.787103	1.854385
1.377192	0.891019	2.084490
1.360671	0.471683	1.710636
1.368326	0.466775	1.717954
1.379935	0.698683	2.047097
1.321312	0.593745	1.768193
1.331236	0.526313	1.704408
1.411278	1.104541	1.921440
1.329655	0.549844	1.721494
1.408629	0.453260	1.766314
1.430389	1.193826	1.989094
1.345321	0.706031	1.828043
1.423670	1.107703	2.014673
1.418058	0.463048	1.770166
1.414936	0.466687	1.760950
1.437710	1.136464	1.952316
1.405207	0.822349	2.017355
1.437884	1.101213	1.967961
1.369800	0.541349	1.715546
1.419077	0.895770	2.000799
1.371124	0.655742	1.797191
1.395448	0.835199	1.838791
1.428118	0.902274	1.979299
1.425164	0.748194	1.967214
1.387922	0.629753	1.779665
1.392214	0.645391	1.786299
1.449110	0.612698	1.924590
1.436836	0.924278	1.855693
1.407031	0.710808	1.810322
1.459093	0.537211	1.818816
1.454836	0.957654	1.883349
1.454836	0.957654	1.883349
1.436041	0.858874	1.847067
1.449518	0.542321	1.772443
1.450959	0.714221	1.912459
1.435491	0.807372	1.838994
1.463326	0.571713	1.830671
1.452829	0.867801	1.872464
1.461335	0.644893	1.879104
1.459723	0.674280	1.878169
1.446608	0.674696	1.815682
