[n]	[m]	[probability]
1	48	0.592596
2	51	0.452172
3	48	0.359710
4	6	0.352194
5	45	0.343317
6	29	0.174296
7	57	0.323744
8	51	0.433472
9	57	0.635740
10	4	0.282691
11	57	0.468765
12	25	0.153791
13	55	0.352685
14	55	0.340991
15	8	0.248770
16	42	0.290665
17	66	0.380391
18	57	0.531774
19	51	0.380261
20	8	0.213747
21	8	0.212491
22	63	0.383436
23	66	0.329467
24	71	0.218781
25	61	0.354630
26	60	0.467258
27	30	0.168788
28	63	0.427627
29	44	0.416678
30	54	0.260192
31	30	0.187871
32	51	0.265007
33	90	0.534179
34	19	0.192312
35	19	0.211997
36	9	0.242829
37	61	0.354526
38	54	0.443182
39	44	0.123856
40	88	0.244214
41	73	0.264307
42	90	0.312415
43	65	0.629866
44	86	0.253945
45	84	0.288816
46	65	0.499800
47	88	0.372374
48	22	0.466196
49	22	0.240248
50	68	0.237083
51	90	0.395442
52	108	0.248184
53	107	0.423491
54	22	0.438373
55	110	0.502321
56	106	0.313933
57	106	0.357456
58	22	0.243964
59	113	0.887788
60	107	0.383120
61	123	0.463443
62	115	0.394559
63	123	0.531249
64	22	0.411306
65	115	0.448498
66	110	0.556114
67	125	0.387459
68	46	0.416228
69	121	0.518876
70	86	0.276004
71	118	0.573211
72	56	0.208268
73	142	0.254401
74	142	0.265411
75	132	0.350009
76	59	0.185043
77	123	0.285324
78	106	0.596407
79	121	0.315659
80	113	0.739358
81	46	0.314910
82	168	0.298713
83	130	0.299029
84	148	0.483146
85	113	0.499148
86	148	0.784122
87	92	0.241073
88	139	0.368274
89	105	0.360100
90	147	0.270492
91	78	0.167941
92	148	0.817367
93	146	0.382399
94	196	0.394334
95	139	0.301597
96	105	0.411978
97	150	0.365457
98	193	0.362220
99	117	0.344534
100	89	0.189127
101	166	0.401534
102	150	0.400413
103	153	0.627433
104	200	0.496658
105	117	0.406861
106	165	0.421150
107	128	0.364001
108	200	0.441111
109	144	0.393340
110	165	0.302783
111	166	0.493694
112	92	0.246584
113	161	0.396887
114	146	0.438448
115	200	0.580946
116	165	0.502623
117	165	0.236618
118	200	0.554407
119	146	0.427452
120	138	0.341726
121	138	0.341726
122	198	0.416877
123	147	0.495763
124	198	0.446690
125	148	0.496905
126	157	0.586194
127	179	0.362286
128	138	0.344099
129	131	0.452516
130	101	0.201694
131	150	0.430993
132	150	0.478274
133	156	0.482640
134	206	0.333504
135	179	0.382088
136	103	0.274107
137	180	0.602701
138	180	0.650741
139	97	0.376412
140	169	0.430559
141	199	0.368746
142	180	0.528020
143	157	0.517837
144	169	0.504474
145	104	0.265895
146	199	0.410453
147	213	0.476877
148	97	0.430347
149	191	0.575723
150	104	0.377014
151	104	0.371978
152	169	0.597702
153	127	0.273500
154	213	0.402317
155	149	0.253862
156	221	0.199234
157	212	0.338429
158	191	0.499294
159	191	0.825358
160	212	0.373255
161	192	0.418658
162	211	0.353935
163	104	0.313935
164	203	0.596992
165	191	0.648793
166	169	0.609934
167	206	0.558689
168	169	0.311943
169	191	0.671882
170	249	0.308817
171	111	0.300136
172	191	0.502960
173	235	0.308567
174	271	0.195232
175	229	0.286814
176	154	0.314266
177	249	0.389611
178	231	0.399397
179	155	0.413322
180	133	0.244800
181	169	0.293105
182	219	0.398566
183	235	0.229843
184	227	0.313291
185	209	0.385059
186	233	0.462611
187	256	0.615815
188	261	0.315790
189	133	0.253329
190	209	0.620490
191	231	0.382874
192	209	0.402487
193	232	0.534514
194	222	0.259519
195	268	0.334868
196	239	0.330623
197	261	0.356400
198	164	0.258343
199	159	0.215303
200	234	0.408809
201	152	0.285550
202	237	0.575910
203	152	0.293269
204	234	0.286771
205	254	0.630971
206	246	0.290865
207	152	0.292033
208	273	0.412284
209	189	0.220201
210	273	0.429514
211	298	0.510921
212	172	0.227245
213	189	0.297995
214	276	0.356384
215	283	0.849205
216	282	0.488060
217	254	0.390136
218	273	0.283062
219	265	0.655521
220	260	0.383238
221	273	0.467759
222	197	0.213761
223	181	0.303182
224	254	0.539031
225	298	0.713566
226	265	0.608328
227	260	0.400833
228	283	0.949647
229	265	0.581037
230	260	0.330406
231	242	0.280262
232	275	0.446892
233	267	0.491677
234	267	0.255413
235	237	0.368031
236	260	0.360108
237	250	0.333423
238	267	0.348305
239	254	0.389675
240	282	0.279176
241	333	0.241120
242	265	0.399250
243	204	0.280724
244	238	0.530049
245	340	0.196099
246	329	0.316498
247	238	0.384949
248	263	0.418846
249	298	0.550399
250	217	0.396702
251	298	0.598952
252	217	0.392541
253	310	0.184325
254	280	0.246493
255	263	0.285079
256	313	0.618661
257	325	0.304194
258	332	0.153039
259	280	0.417682
260	329	0.404399
261	308	0.219286
262	371	0.531470
263	289	0.263088
264	286	0.380638
265	313	0.579340
266	294	0.244461
267	348	0.244008
268	348	0.384372
269	329	0.427043
270	294	0.390699
271	355	0.441766
272	374	0.218372
273	340	0.270353
274	311	0.295314
275	248	0.186590
276	350	0.290163
277	289	0.436462
278	313	0.422041
279	333	0.312110
280	359	0.501613
281	374	0.262000
282	356	0.395459
283	326	0.231903
284	217	0.342276
285	385	0.444878
286	285	0.203324
287	356	0.327022
288	326	0.323133
289	385	0.526517
290	348	0.600395
291	286	0.376237
292	349	0.242828
293	285	0.176713
294	230	0.283826
295	355	0.758171
296	385	0.570593
297	322	0.155917
298	371	0.713556
299	385	0.681680
300	385	0.690753
301	346	0.288371
302	398	0.355281
303	355	0.564001
304	356	0.364314
305	341	0.263018
306	410	0.429503
307	373	0.385486
308	339	0.291066
309	345	0.257711
310	345	0.152268
311	289	0.390114
312	645	0.603495
313	645	0.469450
314	625	0.693870
315	659	0.439584
316	381	0.223259
317	659	0.509621
318	422	0.429033
319	625	0.469908
320	645	0.707096
321	339	0.196543
322	659	0.584548
323	380	0.593740
324	341	0.318615
325	658	0.468144
326	392	0.347694
327	341	0.310710
328	318	0.418649
329	616	0.381611
330	659	0.314173
331	364	0.316513
332	401	0.552916
333	354	0.173148
334	292	0.175202
335	625	0.358815
336	330	0.279506
337	625	0.398684
338	403	0.387398
339	710	0.331022
340	625	0.335017
341	631	0.505151
342	794	0.482555
343	322	0.167744
344	386	0.441207
345	789	0.703415
346	665	0.517427
347	352	0.556122
348	604	0.601963
349	401	0.294263
350	794	0.484154
351	354	0.347189
352	364	0.257905
353	360	0.226866
354	394	0.549923
355	373	0.388898
356	627	0.279606
357	364	0.314311
358	361	0.386844
359	394	0.611045
360	658	1.000000
361	403	0.217661
362	604	0.456838
363	604	0.426071
364	403	0.351219
365	398	0.240669
366	375	0.194735
367	665	1.000000
368	710	0.487332
369	354	0.412785
370	710	0.481653
371	627	0.327381
372	431	0.448171
373	330	0.370488
374	710	0.433007
375	630	0.318503
376	431	0.426451
377	439	0.396937
378	659	1.000000
379	432	0.408867
380	407	0.233692
381	383	0.506062
382	674	0.454708
383	463	0.613305
384	411	0.260302
385	393	0.354481
386	645	0.533696
387	380	0.485565
388	641	0.333855
389	451	0.248409
390	645	0.598654
391	383	0.537311
392	365	0.376086
393	607	0.364743
394	794	0.616276
395	383	0.374304
396	423	0.254038
397	398	0.384098
398	470	0.323595
399	471	0.234800
400	813	1.000000
401	391	0.383488
402	813	1.000000
403	674	0.859166
404	813	1.000000
405	386	0.754528
406	643	0.426849
407	360	0.181512
408	645	0.507519
409	439	0.297064
410	630	0.388919
411	643	0.480968
412	423	0.287206
413	403	0.314187
414	465	0.208786
415	415	0.413503
416	480	0.247486
417	383	0.370739
418	411	0.379608
419	449	0.411747
420	477	0.320857
421	503	0.371715
422	405	0.418282
423	386	0.744829
424	627	0.374966
425	339	0.293786
426	641	0.537356
427	405	0.393872
428	365	0.342959
429	813	1.000000
430	665	0.505720
431	420	0.342084
432	419	0.235051
433	479	0.355756
434	420	0.359391
435	427	0.411191
436	495	0.295718
437	420	0.387692
438	641	0.374569
439	437	0.356154
440	623	0.353527
441	408	0.432687
442	445	0.444968
443	496	0.403871
444	417	0.434994
445	644	0.304814
446	415	0.541610
447	485	0.288444
448	674	0.673002
449	419	0.298669
450	445	0.604554
451	794	0.641342
452	474	0.270244
453	650	0.743880
454	794	0.666974
455	391	0.372326
456	390	0.547993
457	665	0.542703
458	554	0.374699
459	511	0.555313
460	494	0.340786
461	502	0.188755
462	644	0.249243
463	480	0.458637
464	492	0.459849
465	424	0.219407
466	665	0.369006
467	493	0.228273
468	391	0.290784
469	538	0.294286
470	643	0.494576
471	507	0.346938
472	511	0.521021
473	436	0.170036
474	641	0.407178
475	789	0.437767
476	582	0.300738
477	665	0.464120
478	479	0.457806
479	491	0.479532
480	457	0.515177
481	630	0.415463
482	800	0.325909
483	460	0.245413
484	428	0.177911
485	419	0.241077
486	462	0.438374
487	694	0.326643
488	634	0.445817
489	524	0.447681
490	791	0.595959
491	415	0.441200
492	390	0.649942
493	443	0.366654
494	563	0.395780
495	794	0.469011
496	474	0.243942
497	665	0.536913
498	461	0.218361
499	675	0.175533
500	527	0.276518
501	523	0.495327
502	532	0.264583
503	800	0.466287
504	773	0.468785
505	527	0.410546
506	643	0.631093
507	800	0.345163
508	580	0.429804
509	443	0.412708
510	675	0.305378
511	561	0.360914
512	632	0.504702
513	685	0.252579
514	510	0.284775
515	511	0.603538
516	425	0.255431
517	527	0.368574
518	515	0.539182
519	447	0.346717
520	618	0.229204
521	580	0.503714
522	447	0.316790
523	785	0.301740
524	865	0.319461
525	390	0.566160
526	447	0.383601
527	524	0.237242
528	561	0.428819
529	447	0.414696
530	626	0.352814
531	457	0.446050
532	773	0.415643
533	883	0.357511
534	665	0.463922
535	524	0.587741
536	447	0.356107
537	609	0.243757
538	517	0.216509
539	532	0.283148
540	447	0.457422
541	472	0.331577
542	412	0.500131
543	685	0.248502
544	665	0.432073
545	582	0.303599
546	743	0.489527
547	602	0.344012
548	508	0.454853
549	475	0.305684
550	773	0.522321
551	508	0.397151
552	509	0.294631
553	563	0.183612
554	761	0.234070
555	562	0.204264
556	425	0.310669
557	412	0.618772
558	523	0.376466
559	832	1.000000
560	784	0.280706
561	791	0.480888
562	860	0.275530
563	732	0.299350
564	509	0.296328
565	634	0.448330
566	726	0.312707
567	649	0.616824
568	560	0.200598
569	546	0.375075
570	486	0.203011
571	589	0.213996
572	832	1.000000
573	813	1.000000
574	561	0.274076
575	580	0.918374
576	696	0.286827
577	647	0.232796
578	450	0.341478
579	524	0.479867
580	841	0.304573
581	851	0.725772
582	929	0.343283
583	589	0.223545
584	540	0.622607
585	753	0.244675
586	499	0.343772
587	469	0.156091
588	577	0.267166
589	508	0.519049
590	842	0.531362
591	543	0.207176
592	812	0.648799
593	472	0.694210
594	842	0.463634
595	735	0.382902
596	583	0.377482
597	602	0.337481
598	542	0.543177
599	718	0.327706
600	832	1.000000
601	739	0.180401
602	850	0.274620
603	713	0.353974
604	412	0.801451
605	850	0.319646
606	435	0.583616
607	842	0.544088
608	536	0.196908
609	871	0.370025
610	638	0.338061
611	412	0.833512
612	487	0.357842
613	667	0.684438
614	412	0.778803
615	512	0.357898
616	705	0.390415
617	709	0.152555
618	713	0.446823
619	742	0.353025
620	515	0.207139
621	832	1.000000
622	472	0.667844
623	543	0.337130
624	812	0.487640
625	824	0.644763
626	832	1.000000
627	723	0.163530
628	804	0.424701
629	435	0.467816
630	865	0.581824
631	490	0.610454
632	809	0.404568
633	854	0.449889
634	622	0.849314
635	804	0.412480
636	816	0.409968
637	540	0.406660
638	500	0.321339
639	934	0.319625
640	761	0.173495
641	860	0.302275
642	713	0.425892
643	603	0.168890
644	705	0.731518
645	679	0.325185
646	542	0.611627
647	500	0.275142
648	555	0.256918
649	672	0.402610
650	636	0.351867
651	537	0.206227
652	622	0.966023
653	832	1.000000
654	848	0.540911
655	540	0.427842
656	813	1.000000
657	505	0.234582
658	887	0.268814
659	525	0.230844
660	788	0.317439
661	798	0.368002
662	936	0.619243
663	798	0.597960
664	636	0.348426
665	790	0.291498
666	537	0.182604
667	798	0.611725
668	490	0.330974
669	912	0.353620
670	667	0.506743
671	525	0.238770
672	545	0.424945
673	612	0.288397
674	720	0.345751
675	720	0.345751
676	633	0.455894
677	819	0.242809
678	673	0.424998
679	819	0.191415
680	774	0.243955
681	790	0.281269
682	577	0.219697
683	542	0.352691
684	705	0.608226
685	705	0.277336
686	819	0.227867
687	545	0.425230
688	606	0.300651
689	667	0.454647
690	706	0.638121
691	614	0.284963
692	960	1.000000
693	960	0.732046
694	713	0.276759
695	1018	0.204914
696	770	0.160246
697	798	0.367795
698	546	0.456397
699	620	0.317369
700	880	0.514448
701	893	0.454716
702	766	0.171698
703	817	0.416628
704	544	0.572177
705	919	0.337663
706	412	0.400540
707	633	0.443900
708	487	0.430963
709	734	0.211835
710	762	0.400526
711	606	0.344877
712	771	0.179097
713	832	1.000000
714	724	0.290464
715	960	0.755791
716	928	0.325335
717	673	0.377306
718	592	0.393568
719	887	0.190238
720	778	0.199611
721	412	0.568067
722	713	0.601761
723	533	0.356456
724	1018	0.513313
725	724	0.633448
726	890	0.358988
727	762	0.399677
728	912	0.334151
729	821	0.195950
730	917	0.190593
731	606	0.445233
732	622	0.634513
733	951	0.439871
734	633	0.348648
735	832	1.000000
736	622	0.531890
737	734	0.296264
738	880	0.451857
739	929	0.377509
740	1041	0.276252
741	597	0.644490
742	942	0.267359
743	893	0.376630
744	919	0.372323
745	594	0.883148
746	662	0.126903
747	706	0.780681
748	875	0.228345
749	929	0.320653
750	876	0.503546
751	549	0.796897
752	705	0.439215
753	1073	0.355312
754	1098	0.437322
755	886	0.482274
756	967	0.289095
757	967	0.258039
758	553	0.196835
759	606	0.462703
760	530	0.494449
761	714	0.640872
762	879	0.280097
763	935	0.389276
764	879	0.222824
765	852	0.137551
766	866	0.331657
767	1061	0.313504
768	831	0.201531
769	904	1.000000
770	847	0.411185
771	991	0.214888
772	1098	0.237671
773	611	0.369934
774	594	0.516845
775	1073	0.412293
776	1152	0.727863
777	890	0.595530
778	985	0.213984
779	895	0.246077
780	935	0.423970
781	553	0.392373
782	682	0.141715
783	1004	0.193788
784	594	0.363854
785	1024	0.417665
786	1021	1.000000
787	970	0.566361
788	1128	0.607223
789	852	0.138382
790	879	0.447152
791	1024	0.334719
792	1043	0.383600
793	740	0.208626
794	950	0.194175
795	1128	0.622072
796	976	0.222321
797	1047	0.365444
798	1128	0.644158
799	1128	0.595087
800	818	0.568166
801	1021	1.000000
802	876	0.399972
803	669	0.452143
804	1030	0.331362
805	682	0.165259
806	629	0.340676
807	890	0.834239
808	781	0.325470
809	937	0.225457
810	1164	0.395653
811	914	0.635366
812	1097	0.440163
813	669	0.585051
814	642	0.468815
815	1186	0.521339
816	669	0.389361
817	987	0.596457
818	1061	0.570537
819	688	0.651048
820	921	0.495646
821	1003	0.387644
822	1042	0.332117
823	669	0.302535
824	1130	0.263119
825	947	0.359767
826	669	0.660534
827	656	0.391651
828	669	0.444991
829	923	0.387746
830	890	0.810324
831	958	0.335407
832	1130	0.404862
833	744	0.163027
834	886	0.503780
835	886	0.506239
836	873	0.155653
837	873	0.155653
838	923	0.314998
839	1143	0.502765
840	1130	0.431179
841	1061	0.575493
842	1164	0.355997
843	1164	0.351289
844	656	0.430349
845	669	0.714928
846	1132	0.536351
847	1006	0.274621
848	958	0.403398
849	1152	0.887395
850	592	0.254723
851	688	0.662172
852	1117	0.289318
853	890	0.401990
854	594	0.683699
855	904	1.000000
856	994	0.304221
857	1117	0.347779
858	1130	0.402118
859	661	0.158128
860	837	0.497533
861	1011	0.251052
862	959	0.190852
863	1152	0.525936
864	1205	0.251931
865	629	0.446638
866	1021	1.000000
867	1112	0.369868
868	1030	0.301731
869	823	0.197417
870	979	0.195149
871	1172	0.276713
872	629	0.447793
873	1109	0.371022
874	847	0.372342
875	1193	0.323228
876	1121	0.228874
877	1003	0.247435
878	1262	0.247242
879	1318	0.285664
880	1143	0.464728
881	961	0.356929
882	666	0.881353
883	1117	0.317750
884	987	0.622841
885	737	0.274687
886	1066	0.525567
887	776	0.241318
888	1065	0.285252
889	1333	0.210136
890	1070	0.290634
891	958	0.356034
892	1144	0.236260
893	1176	0.323359
894	1117	0.368432
895	1128	0.493291
896	1057	0.388191
897	733	0.393385
898	670	0.148876
899	1006	0.341364
900	1132	0.604211
901	1075	0.611455
902	1143	0.582254
903	1262	0.222840
904	779	0.476350
905	642	0.518095
906	1262	0.255399
907	686	0.359692
908	958	0.410165
909	711	0.295232
910	1246	0.253433
911	1026	0.335223
912	1058	0.168777
913	1019	0.403266
914	1371	0.470266
915	835	0.214351
916	1251	0.326284
917	1062	0.326149
918	1190	0.269895
919	1066	0.433990
920	1165	0.426062
921	629	0.442464
922	1180	0.170631
923	1027	0.246220
924	629	0.390652
925	987	0.880941
926	1076	0.337996
927	1095	0.612615
928	1025	1.000000
929	840	0.176648
930	1156	0.504724
931	835	0.210801
932	1189	0.260757
933	1058	0.186847
934	1332	0.353874
935	1246	0.308693
936	927	0.409779
937	1153	0.564715
938	1095	0.234522
939	759	0.243366
940	1065	0.211777
941	1123	0.269923
942	973	0.469653
943	1265	0.483638
944	1152	0.517646
945	1183	0.795037
946	1017	0.593426
947	1085	0.285307
948	692	0.759698
949	1158	0.240114
950	1122	0.218743
951	749	0.265825
952	1123	0.452424
953	758	0.176476
954	927	0.483648
955	740	0.244965
956	820	0.650405
957	1119	0.478934
958	1092	0.283211
959	902	0.171241
960	1158	0.293166
961	1337	0.240445
962	1076	0.253339
963	1265	0.592213
964	1089	0.241806
965	1053	0.245759
966	1014	0.235085
967	1309	0.401390
968	900	0.502226
969	1152	0.352302
970	873	0.178334
971	1082	0.396887
972	1153	0.599816
973	1213	0.287725
974	1300	0.949934
975	1120	0.253183
976	752	0.542221
977	900	0.461352
978	1183	0.725909
979	692	0.712483
980	1300	0.922224
981	1212	0.320450
982	1100	0.500449
983	1324	0.603359
984	920	0.087439
985	1166	0.489999
986	1208	0.282812
987	1119	0.634758
988	1320	0.301158
989	1189	0.366736
990	1253	0.174594
991	920	0.089076
992	1017	0.976707
993	1192	0.389604
994	1304	0.469448
995	1046	0.104112
996	702	0.085283
997	1120	0.251855
998	1103	0.153065
999	1248	0.463094
1000	927	0.457852
1001	752	0.371895
1002	908	0.411800
1003	1292	0.588281
1004	1109	0.686392
1005	1273	0.597927
1006	1201	0.145821
1007	920	0.107739
1008	1119	0.548597
1009	1290	0.310704
1010	864	0.668150
1011	1250	0.270112
1012	1153	0.482320
1013	802	0.290933
1014	802	0.290933
1015	1189	0.324174
1016	1134	0.087227
1017	864	0.678598
1018	1212	0.325546
1019	1290	0.395057
1020	1189	0.303544
1021	1017	0.656722
1022	1017	0.656722
1023	927	0.431902
1024	1125	0.244525
1025	952	0.621933
1026	1230	0.217309
1027	1230	0.217309
1028	1257	0.408244
1029	1235	0.262364
1030	952	0.645334
1031	1217	0.300784
1032	1300	0.958325
1033	1259	0.248297
1034	1166	0.726649
1035	1183	1.000000
1036	1320	0.418299
1037	1504	0.545146
1038	1151	0.151775
1039	1077	0.478361
1040	1156	0.819173
1041	1051	0.329562
1042	1051	0.329562
1043	1070	0.356563
1044	1160	0.247423
1045	1257	0.299012
1046	1235	0.333464
1047	1217	0.288716
1048	1219	0.306841
1049	989	0.536155
1050	1300	0.921151
1051	989	0.351575
1052	1344	0.329426
1053	1207	0.215601
1054	1156	0.865523
1055	1186	1.000000
1056	802	0.334433
1057	1219	0.305887
1058	1017	0.755726
1059	1101	0.122703
1060	1275	0.208644
1061	989	0.590500
1062	908	0.320039
1063	1504	0.202360
1064	802	0.382830
1065	1109	0.351658
1066	1328	0.353624
1067	1337	0.322359
1068	849	0.187140
1069	1315	0.426606
1070	1280	0.236707
1071	1195	0.189649
1072	1102	0.635386
1073	1387	0.295293
1074	1280	0.254311
1075	1312	0.256706
1076	1298	0.441706
1077	1260	0.335908
1078	1075	0.307474
1079	1234	0.263000
1080	1253	0.304363
1081	1144	0.253756
1082	1453	0.357770
1083	1230	0.200848
1084	1504	0.317177
1085	1300	0.398942
1086	1242	0.325416
1087	1256	0.222122
1088	1324	0.633736
1089	1321	0.266173
1090	944	0.432706
1091	1048	0.563616
1092	1305	0.242802
1093	1253	0.281376
1094	1458	0.436850
1095	1369	0.276161
1096	1469	0.620330
1097	1313	0.268402
1098	1407	0.292002
1099	1064	0.514916
1100	1257	0.258475
1101	1357	0.374208
1102	1102	0.912539
1103	1038	0.474768
1104	1313	0.385458
1105	1252	0.435505
1106	1184	0.205120
1107	1344	0.280395
1108	1170	0.301962
1109	1256	0.296831
1110	1588	0.158159
1111	1258	0.203985
1112	826	0.152444
1113	965	0.355260
1114	1361	0.975323
1115	1174	0.419900
1116	1252	0.163182
1117	1308	0.373107
1118	1096	0.241659
1119	1403	0.261755
1120	1287	0.192890
1121	989	0.382620
1122	1132	1.000000
1123	1390	0.378518
1124	1341	0.305131
1125	941	0.550353
1126	1291	0.286519
1127	1187	0.304231
1128	1064	0.498365
1129	1311	0.421346
1130	1272	1.000000
1131	1455	0.415159
1132	1331	0.229229
1133	1068	0.421189
1134	1102	0.518242
1135	1227	0.317733
1136	1444	0.602096
1137	1570	0.390921
1138	1220	0.537362
1139	1458	0.402534
1140	1260	0.367583
1141	941	0.485118
1142	1007	0.313013
1143	1244	0.264491
1144	1038	0.419949
1145	1390	0.282072
1146	1413	0.239978
1147	1186	1.000000
1148	1109	1.000000
1149	1407	0.257221
1150	1260	0.273483
1151	1173	0.349355
1152	1355	0.298793
1153	1361	0.961309
1154	1511	0.279826
1155	1109	1.000000
1156	1376	0.234985
1157	1419	0.296592
1158	1311	0.456087
1159	1361	0.994170
1160	799	0.486934
1161	1166	0.516050
1162	1458	0.312899
1163	1135	0.163496
1164	1516	0.317889
1165	1394	0.455613
1166	1455	0.529533
1167	1054	0.869334
1168	1717	0.238339
1169	1064	0.400928
1170	1252	0.710296
1171	941	0.466311
1172	1107	0.359367
1173	1366	0.319321
1174	1530	0.380092
1175	1357	0.705992
1176	1381	0.416698
1177	1394	0.326029
1178	1007	0.388155
1179	1380	0.405884
1180	1140	0.467065
1181	1361	0.992342
1182	1335	0.479984
1183	1361	0.988587
1184	1323	0.233620
1185	1274	0.605126
1186	1054	0.838158
1187	1102	0.643808
1188	1323	0.323142
1189	1223	0.462678
1190	1214	0.233823
1191	1381	0.351444
1192	2080	0.234551
1193	1342	0.214642
1194	1403	0.221906
1195	1520	0.249274
1196	1671	0.263678
1197	1451	0.335724
1198	1443	0.408595
1199	1102	0.433631
1200	1443	0.393212
1201	1380	0.393060
1202	1037	0.497836
1203	1426	0.507999
1204	1227	0.329814
1205	1322	0.520223
1206	1283	0.335169
1207	1335	0.904574
1208	1361	0.975986
1209	1102	0.500276
1210	1443	0.454099
1211	1426	0.401441
1212	1411	0.209687
1213	1335	0.585931
1214	1410	0.438424
1215	1574	0.605880
1216	1342	0.196689
1217	1191	0.662761
1218	1252	0.503923
1219	1484	0.297836
1220	1571	0.352778
1221	1515	0.642672
1222	1168	0.381275
1223	1443	0.456753
1224	1059	0.561214
1225	1571	0.412533
1226	1455	0.547528
1227	1426	0.513459
1228	1630	0.356383
1229	1310	0.338290
1230	1168	0.441081
1231	1419	0.282720
1232	968	0.264760
1233	1283	0.449401
1234	1330	0.298447
1235	1229	0.198945
1236	1472	0.307964
1237	1250	1.000000
1238	1540	0.401375
1239	1343	0.303354
1240	1356	0.336578
1241	968	0.278177
1242	1443	0.387804
1243	1571	0.410617
1244	763	0.202631
1245	1484	0.290137
1246	1387	0.436780
1247	1233	0.400988
1248	968	0.274153
1249	763	0.206051
1250	1384	0.381297
1251	1283	0.366102
1252	1223	0.637184
1253	1550	0.254680
1254	1310	0.363016
1255	1059	0.747577
1256	1372	0.385284
1257	1584	0.592213
1258	1527	0.338792
1259	1455	0.542306
1260	1471	0.227388
1261	1455	0.580084
1262	1351	0.641000
1263	1387	0.228138
1264	1778	0.271569
1265	1191	0.906240
1266	1322	0.511968
1267	768	0.364494
1268	1373	0.264371
1269	990	0.234368
1270	763	0.188804
1271	1410	0.358460
1272	1362	0.234288
1273	1330	0.338819
1274	1363	0.215369
1275	1037	0.738636
1276	1479	0.441785
1277	1543	0.387880
1278	1571	0.371917
1279	1584	0.359938
1280	1335	0.818579
1281	1472	0.620752
1282	1351	0.546496
1283	1599	0.265848
1284	1302	0.387749
1285	1527	0.368890
1286	1484	0.306543
1287	1223	0.608578
1288	1496	0.166584
1289	1059	0.775251
1290	786	0.190844
1291	1438	0.214654
1292	1361	1.000000
1293	874	0.164626
1294	1168	0.839183
1295	1422	0.628796
1296	1037	0.454520
1297	1250	1.000000
1298	1191	0.451100
1299	1452	0.198427
1300	1603	0.570173
1301	1322	0.585100
1302	1655	0.415153
1303	1780	0.186600
1304	1570	0.622846
1305	1435	0.304555
1306	1482	0.253659
1307	757	0.165792
1308	1665	0.529774
1309	1489	0.220754
1310	1037	0.526606
1311	1395	0.450911
1312	2407	1.000000
1313	1445	0.636584
1314	1037	0.678233
1315	1531	0.496994
1316	1419	0.124420
1317	1059	0.462842
1318	1587	0.263326
1319	2165	1.000000
1320	1382	0.271827
1321	1540	0.509047
1322	1009	0.415276
1323	1697	0.178181
1324	1577	0.329684
1325	1609	0.441266
1326	1717	0.261454
1327	1542	0.190375
1328	1414	0.476162
1329	1523	0.167315
1330	1605	0.358955
1331	1482	0.192631
1332	1600	0.568719
1333	1009	0.460473
1334	1598	0.224363
1335	1615	0.578389
1336	1361	1.000000
1337	1609	0.572586
1338	1343	0.710484
1339	1487	0.197077
1340	1267	0.334353
1341	1535	0.264461
1342	1665	0.456274
1343	1423	0.323479
1344	1546	0.246840
1345	1508	0.466492
1346	1751	0.164354
1347	1542	0.214181
1348	1384	0.309695
1349	1361	0.991402
1350	1503	0.283670
1351	2080	0.592697
1352	1384	0.404045
1353	1599	0.244654
1354	786	0.299797
1355	1535	0.401149
1356	1334	0.416875
1357	1617	0.258375
1358	1540	0.292430
1359	1553	0.313062
1360	1494	0.476957
1361	1609	0.435794
1362	1751	0.177129
1363	906	0.266396
1364	1379	0.312055
1365	1780	0.235501
1366	1266	0.143155
1367	1622	0.168399
1368	1858	0.581454
1369	906	0.381567
1370	1202	0.343768
1371	1436	0.426603
1372	1654	0.303489
1373	1619	0.386205
1374	1545	0.307644
1375	1858	0.504728
1376	2181	0.276566
1377	1517	0.259005
1378	1517	0.209638
1379	1361	1.000000
1380	1289	0.652135
1381	1711	0.369649
1382	1485	0.317190
1383	1236	0.227751
1384	1343	0.430113
1385	1762	0.200402
1386	1549	0.512513
1387	990	0.253060
1388	1361	0.904835
1389	2348	1.000000
1390	1565	0.406440
1391	1467	0.386060
1392	1572	0.162129
1393	1636	0.339667
1394	1657	0.265141
1395	1565	0.501063
1396	1589	0.504102
1397	1236	0.250913
1398	1517	0.226959
1399	1711	0.265713
1400	1548	0.634167
1401	2458	1.000000
1402	1654	0.285021
1403	1461	0.384622
1404	1597	0.478986
1405	1576	0.422754
1406	1597	0.357320
1407	1763	0.387504
1408	2215	0.269061
1409	1667	0.325803
1410	1675	0.374374
1411	2080	0.719816
1412	1519	0.416995
1413	1695	0.373767
1414	1439	0.215900
1415	1552	0.284954
1416	1692	0.366300
1417	2215	0.271311
1418	1785	0.172215
1419	1517	0.315632
1420	1759	0.359615
1421	1644	0.184683
1422	1619	0.742128
1423	1978	0.465491
1424	1619	0.477379
1425	1638	0.525539
1426	1289	0.488119
1427	1690	0.470236
1428	1595	0.254361
1429	1748	0.638590
1430	1499	0.260487
1431	1690	0.256942
1432	1612	0.507519
1433	1810	0.822178
1434	1701	0.514507
1435	1463	0.305762
1436	1776	0.492373
1437	1705	0.305304
1438	1864	0.218904
1439	1746	0.260993
1440	1695	0.398180
1441	1441	0.418124
1442	1595	0.313677
1443	1428	0.331518
1444	1735	0.311123
1445	1678	0.439224
1446	1776	0.494388
1447	2080	0.850716
1448	1698	0.845302
1449	1638	0.465694
1450	1548	0.525394
1451	1627	0.617741
1452	1636	0.445494
1453	1638	0.465769
1454	1692	0.417208
1455	1623	0.359671
1456	1552	0.358774
1457	844	0.215178
1458	997	0.164453
1459	1705	0.246449
1460	1538	0.514739
1461	1638	0.395975
1462	1689	0.368594
1463	1827	0.268418
1464	1378	0.489273
1465	1807	0.380393
1466	1650	0.267380
1467	1728	0.561102
1468	1631	0.129763
1469	1840	0.590940
1470	1485	0.519458
1471	1840	0.497598
1472	1847	0.396276
1473	1278	0.163652
1474	1829	0.400937
1475	1642	0.342240
1476	1970	0.220798
1477	1654	0.276782
1478	1485	0.472454
1479	1640	0.155628
1480	856	0.209428
1481	1728	0.495389
1482	1618	0.308607
1483	1701	0.621174
1484	1698	0.863420
1485	1485	0.426461
1486	1708	0.362771
1487	1636	0.391387
1488	1701	0.403227
1489	1748	0.544122
1490	1682	0.334047
1491	1624	0.257931
1492	1708	0.337957
1493	1237	0.283287
1494	1690	0.629975
1495	1826	0.709040
1496	1826	0.921319
1497	1475	0.299710
1498	1689	0.444614
1499	1581	0.404360
1500	2034	0.261911
1501	1656	0.236901
1502	1897	0.447632
1503	1673	0.319224
1504	1826	0.843555
1505	1658	0.413647
1506	1698	0.885479
1507	1621	0.388947
1508	1696	0.373725
1509	1696	0.356634
1510	1698	0.878725
1511	1618	0.280110
1512	1879	0.434286
1513	1237	0.248793
1514	1637	0.467119
1515	1652	0.203753
1516	1385	0.223707
1517	1502	0.461275
1518	1652	0.223599
1519	1877	0.340147
1520	1502	0.390095
1521	1820	0.207342
1522	1827	0.349976
1523	1877	0.595145
1524	1827	0.449591
1525	1695	0.501327
1526	1485	0.386409
1527	1877	0.713416
1528	1636	0.296521
1529	1502	0.471779
1530	1720	0.316146
1531	1799	0.303808
1532	1674	0.162104
1533	1829	0.508634
1534	1657	0.541224
1535	1750	0.415115
1536	1772	0.472719
1537	1627	0.499711
1538	1774	0.318568
1539	1713	0.212315
1540	1826	0.911885
1541	1581	0.353196
1542	1502	0.428133
1543	1485	0.353815
1544	1774	0.255714
1545	1669	0.523108
1546	1629	0.438551
1547	1657	0.345453
1548	1002	0.200230
1549	1661	0.507223
1550	2458	1.000000
1551	1583	0.563074
1552	1694	0.231719
1553	1729	0.648640
1554	1879	0.505641
1555	1876	0.397478
1556	2181	0.256368
1557	1876	0.344725
1558	1408	0.602710
1559	1629	0.447392
1560	1748	0.423020
1561	1247	0.184643
1562	1837	0.289072
1563	1796	0.515178
1564	1826	0.898105
1565	1566	0.584478
1566	1750	0.536411
1567	1658	0.347523
1568	1827	0.540571
1569	1830	0.406517
1570	1278	0.243312
1571	1772	0.519825
1572	1758	0.782577
1573	1873	0.962278
1574	1750	0.597458
1575	1619	0.449827
1576	1743	0.199213
1577	1791	0.426864
1578	1784	0.302273
1579	1712	0.381110
1580	1566	0.617053
1581	1772	0.515943
1582	1841	0.347780
1583	1879	0.427081
1584	1645	0.510174
1585	1688	0.646368
1586	1720	0.236481
1587	1634	0.286679
1588	1830	0.579641
1589	1695	0.432882
1590	1586	0.538701
1591	1676	0.202039
1592	1923	0.318673
1593	1803	0.414845
1594	1837	0.410764
1595	1675	0.538999
1596	1730	0.381443
1597	1732	0.368695
1598	1827	0.525447
1599	1718	0.137381
1600	2163	0.426653
1601	1670	0.333752
1602	1830	0.519998
1603	1988	0.364707
1604	1988	0.483936
1605	1431	0.250356
1606	1988	0.565947
1607	1871	0.276240
1608	1771	0.321130
1609	1091	0.294025
1610	1032	0.531306
1611	2080	0.449806
1612	1795	0.627419
1613	1794	0.350679
1614	1903	0.647308
1615	1666	0.650009
1616	1772	0.368517
1617	1772	0.408514
1618	1661	0.309197
1619	1744	0.290949
1620	1688	0.866492
1621	1645	0.437147
1622	2215	0.249817
1623	1701	0.362353
1624	1734	0.251375
1625	1899	0.458998
1626	1995	0.261293
1627	1685	0.322694
1628	2165	0.284388
1629	1903	0.652351
1630	1928	0.292525
1631	2273	0.295806
1632	1806	0.316119
1633	1947	0.542294
1634	1900	0.314629
1635	1750	0.285156
1636	1339	0.233481
1637	1784	0.455747
1638	1925	0.326325
1639	1032	0.478377
1640	1704	0.279846
1641	2348	0.471521
1642	1801	0.286935
1643	1806	0.505169
1644	1684	0.232322
1645	1863	0.267128
1646	2348	0.529756
1647	2458	1.000000
1648	1988	0.467725
1649	1806	0.459713
1650	2073	0.404584
1651	1912	0.235712
1652	1842	0.188928
1653	1747	0.547894
1654	1763	0.398717
1655	1863	0.426521
1656	1775	0.768341
1657	1912	0.440594
1658	1739	0.391843
1659	1889	0.354374
1660	1994	0.285692
1661	1994	0.450498
1662	1863	0.247501
1663	1914	0.397075
1664	1797	0.249509
1665	1963	0.363766
1666	1724	0.283259
1667	2108	0.603643
1668	1791	0.263541
1669	2108	0.669693
1670	2356	0.674697
1671	1887	0.414914
1672	1801	0.424610
1673	1339	0.271947
1674	1891	0.537369
1675	1897	0.701667
1676	2104	0.287595
1677	1837	0.257122
1678	1803	0.342783
1679	1728	0.535441
1680	1758	0.407238
1681	1935	0.262956
1682	1798	0.292052
1683	1925	0.243151
1684	1797	0.217448
1685	1559	0.223306
1686	1824	0.305885
1687	1733	0.334335
1688	1433	0.190637
1689	1801	0.419231
1690	1889	0.522631
1691	1316	0.472054
1692	2108	0.781410
1693	1798	0.329398
1694	1798	0.302404
1695	1781	0.127413
1696	1801	0.468253
1697	1905	0.387328
1698	1838	0.502697
1699	1826	0.280708
1700	1915	0.273546
1701	1752	0.311090
1702	2094	0.363852
1703	1997	0.364676
1704	1894	0.941342
1705	1798	0.470926
1706	1904	0.215051
1707	2065	0.461934
1708	1838	0.505440
1709	2034	0.505454
1710	2165	0.275777
1711	2124	0.284282
1712	1937	0.443144
1713	1964	0.253316
1714	1892	0.783193
1715	1890	0.399144
1716	2205	0.355926
1717	1993	0.493254
1718	1868	0.661973
1719	2093	0.375071
1720	2041	0.140610
1721	1728	0.624347
1722	1891	0.445681
1723	1815	0.182526
1724	1892	0.649057
1725	2163	0.545728
1726	1890	0.580770
1727	1786	0.255554
1728	1493	0.187943
1729	1967	0.247899
1730	2542	1.000000
1731	2145	0.478838
1732	1889	0.253461
1733	1857	0.442034
1734	1955	0.345686
1735	1889	0.300197
1736	2108	0.740431
1737	2224	0.450248
1738	2224	0.568925
1739	1997	0.381350
1740	2169	0.419936
1741	2108	0.912281
1742	1955	0.344361
1743	1967	0.254582
1744	2034	0.517944
1745	2072	0.532866
1746	1993	0.646898
1747	1788	0.330189
1748	1930	0.367779
1749	1973	0.807355
1750	2094	0.707117
1751	2145	0.495412
1752	2035	0.305858
1753	2059	0.462417
1754	2210	0.570642
1755	2059	0.206711
1756	2609	1.000000
1757	1802	0.249343
1758	1196	0.587831
1759	2108	0.822501
1760	1196	0.387858
1761	2004	0.334007
1762	2224	0.385617
1763	1943	0.292164
1764	1898	0.492961
1765	2169	0.504950
1766	2631	1.000000
1767	1996	0.425048
1768	2224	0.190230
1769	1559	0.355323
1770	2048	0.322227
1771	1839	0.521604
1772	1793	0.286095
1773	1944	0.396047
1774	1316	0.301724
1775	2221	0.412477
1776	1821	0.544587
1777	2609	1.000000
1778	1813	0.381279
1779	1813	0.291509
1780	2609	1.000000
1781	2631	1.000000
1782	1616	0.372570
1783	1929	0.709931
1784	1930	0.806670
1785	1839	0.476769
1786	2108	0.711670
1787	2195	0.342458
1788	1966	0.504389
1789	2110	0.256879
1790	2631	1.000000
1791	2209	0.235355
1792	1839	0.664282
1793	2631	1.000000
1794	1817	0.686276
1795	1839	0.864389
1796	2609	1.000000
1797	2113	0.297436
1798	1921	0.420433
1799	1993	0.596661
1800	2609	1.000000
1801	2109	0.331093
1802	2004	0.403810
1803	2032	0.282645
1804	2609	1.000000
1805	1894	0.756604
1806	2055	0.334085
1807	1559	0.423125
1808	2382	0.282147
1809	1930	0.794144
1810	2127	0.272143
1811	1821	0.397391
1812	1894	0.871343
1813	1894	0.871343
1814	2311	0.492793
1815	1851	0.270937
1816	1930	0.671100
1817	1954	0.458634
1818	2307	0.274413
1819	2161	0.448907
1820	2034	0.427726
1821	2631	1.000000
1822	2609	1.000000
1823	1948	0.376167
1824	2411	0.656785
1825	2049	0.730175
1826	2609	1.000000
1827	2091	0.566423
1828	1852	0.839384
1829	2007	0.195436
1830	1728	0.500345
1831	2059	0.509052
1832	1894	0.461725
1833	2035	0.334608
1834	1954	0.471294
1835	2035	0.315545
1836	2205	0.308308
1837	2106	0.366944
1838	1839	0.833199
1839	2053	0.305216
1840	2609	1.000000
1841	1987	0.293583
1842	1948	0.512367
1843	1887	0.492979
1844	1316	0.700928
1845	2019	0.210008
1846	2631	1.000000
1847	2004	0.801025
1848	2074	0.490160
1849	2074	0.467664
1850	1959	0.282260
1851	2205	0.341193
1852	2161	0.356533
1853	1966	0.562076
1854	1911	0.251613
1855	1851	0.309826
1856	2091	1.000000
1857	2019	0.222447
1858	2106	0.247753
1859	1898	0.303937
1860	1354	0.411609
1861	1817	0.663594
1862	1984	0.404689
1863	2106	0.327466
1864	2147	0.616648
1865	1954	0.464884
1866	2186	0.325340
1867	1961	0.376660
1868	1973	0.621615
1869	1559	0.380495
1870	1961	0.295518
1871	1316	0.573595
1872	1196	0.294493
1873	2307	0.469881
1874	1849	0.352755
1875	2609	1.000000
1876	1999	0.258429
1877	1887	0.469629
1878	2407	0.271428
1879	2542	1.000000
1880	1891	0.356379
1881	2609	1.000000
1882	2029	0.276805
1883	2069	0.311614
1884	2609	1.000000
1885	2061	0.411814
1886	1989	0.322839
1887	1946	0.504235
1888	1196	0.204997
1889	1954	0.441385
1890	1948	0.277396
1891	1815	0.491065
1892	2307	0.244733
1893	1802	0.222515
1894	1954	0.419930
1895	2113	0.413216
1896	1948	0.402428
1897	1984	0.320406
1898	2240	0.203929
1899	1316	0.818101
1900	2153	0.334242
1901	1930	0.342558
1902	2609	0.879037
1903	2127	0.308236
1904	1907	0.434294
1905	1358	0.261217
1906	1849	0.648563
1907	1887	0.391883
1908	2091	0.497679
1909	2163	0.555019
1910	2147	0.531489
1911	2028	0.211221
1912	1358	0.312962
1913	1996	0.414516
1914	2519	1.000000
1915	2375	0.285543
1916	2072	0.312617
1917	2167	0.255618
1918	2519	0.333651
1919	2099	0.710274
1920	2055	0.311394
1921	2091	0.542939
1922	2210	0.542940
1923	1745	0.136523
1924	1901	0.341473
1925	1973	0.370866
1926	1961	0.418944
1927	2059	0.434427
1928	1951	0.465099
1929	2159	0.449299
1930	2024	0.220435
1931	2163	0.559897
1932	2064	0.381129
1933	2226	0.339824
1934	2091	0.463366
1935	2159	0.389194
1936	2095	0.263920
1937	1880	0.244184
1938	1981	0.448319
1939	1855	0.465810
1940	2127	0.420482
1941	1901	0.268553
1942	1878	0.300364
1943	1846	0.601380
1944	2198	0.375043
1945	1846	0.687666
1946	2170	0.910648
1947	2131	0.347682
1948	2197	0.193476
1949	2059	0.319182
1950	1851	0.448548
1951	2388	0.202060
1952	2375	0.519102
1953	2265	0.364778
1954	2099	0.847301
1955	2039	0.360270
1956	2024	0.169131
1957	2115	0.258103
1958	1976	0.379262
1959	2061	0.751885
1960	2226	0.477045
1961	2212	0.308430
1962	2230	0.264666
1963	1846	0.630134
1964	1855	0.245235
1965	2042	0.482727
1966	1996	0.652291
1967	2078	0.470033
1968	2196	0.240141
1969	1880	0.155477
1970	2170	0.813949
1971	1972	0.315237
1972	2243	0.252244
1973	2098	0.259211
1974	2174	0.232433
1975	2609	0.901582
1976	2019	0.130087
1977	2255	0.255445
1978	2616	0.477565
1979	2159	0.267347
1980	2644	0.677944
1981	2260	0.704850
1982	2424	0.399198
1983	2375	0.444407
1984	2231	0.962487
1985	2286	0.405218
1986	1931	0.382678
1987	2078	0.495648
1988	2017	0.262246
1989	2294	0.276888
1990	2055	0.380719
1991	2226	0.588055
1992	2103	0.257090
1993	2135	0.208262
1994	2074	0.702707
1995	2247	0.292159
1996	2167	0.350166
1997	1358	0.319864
1998	1931	0.518653
1999	2033	0.390664
2000	2060	0.320076
2001	2231	0.906360
2002	2173	0.425318
2003	2075	0.514122
2004	1945	0.268677
2005	2006	0.297632
2006	1606	1.000000
2007	2111	0.205266
2008	2148	0.337329
2009	1960	0.353571
2010	2022	0.248909
2011	2695	1.000000
2012	2111	0.638929
2013	2264	0.241532
2014	2665	0.842225
2015	2010	0.421299
2016	2066	0.605156
2017	2324	0.366987
2018	2033	0.274996
2019	2070	0.340182
2020	2231	0.399654
2021	2066	0.654602
2022	1606	1.000000
2023	2695	1.000000
2024	2227	0.208594
2025	2616	0.496055
2026	2302	0.332014
2027	2388	0.361465
2028	2125	0.440392
2029	2189	0.539843
2030	2075	0.492218
2031	2231	0.985059
2032	2010	0.439624
2033	2078	0.304892
2034	1974	0.379361
2035	2010	0.399253
2036	1974	0.373735
2037	2676	1.000000
2038	2062	0.572681
2039	2289	0.286281
2040	2062	0.335544
2041	2239	0.289934
2042	2267	0.236821
2043	2665	0.922713
2044	2189	0.352943
2045	2111	0.861093
2046	2074	0.754995
2047	2609	0.602308
2048	2189	0.586063
2049	2239	0.345698
2050	2676	1.000000
2051	2308	0.369028
2052	2120	0.703523
2053	2118	0.496507
2054	2078	0.640337
2055	2061	0.376487
2056	2247	0.293868
2057	2609	0.488938
2058	1851	1.000000
2059	1983	0.839663
2060	2118	0.469591
2061	2075	0.458811
2062	1777	0.237599
2063	2166	0.353342
2064	2222	0.613285
2065	2313	0.475351
2066	1766	0.212492
2067	2223	0.584938
2068	2207	0.290015
2069	2424	0.615713
2070	2201	0.581926
2071	2132	0.447157
2072	1462	0.499429
2073	2054	0.347218
2074	2135	0.254476
2075	2139	0.293090
2076	2313	0.320714
2077	2097	0.285644
2078	2274	0.393605
2079	2424	0.501096
2080	1766	0.274998
2081	2107	0.454764
2082	2375	0.516305
2083	2192	0.250241
2084	2375	0.565705
2085	2222	0.708438
2086	2609	0.526661
2087	1316	1.000000
2088	2119	0.568490
2089	2175	0.483399
2090	2477	0.401307
2091	2308	0.313253
2092	2155	0.285963
2093	2120	0.531771
2094	2167	0.416492
2095	2201	0.782853
2096	2118	0.614070
2097	2231	0.997463
2098	2062	0.582415
2099	2111	0.787750
2100	2118	0.637495
2101	2146	0.506349
2102	2085	0.411024
2103	2236	0.252352
2104	2208	0.496941
2105	1815	1.000000
2106	2122	0.873433
2107	2204	0.271422
2108	2074	0.627623
2109	2146	0.460409
2110	2243	0.381293
2111	2263	0.445113
2112	2366	0.464360
2113	2132	0.279219
2114	2166	0.383075
2115	2092	0.305479
2116	1979	0.308736
2117	2231	0.979020
2118	2476	0.352532
2119	2256	0.336334
2120	2366	0.370241
2121	2116	0.891423
2122	2226	0.440139
2123	2281	0.412551
2124	2616	0.820672
2125	2476	0.327430
2126	2424	0.462507
2127	1462	0.485460
2128	2099	0.505656
2129	2262	0.403029
2130	2126	0.766463
2131	2204	0.292078
2132	2277	0.194238
2133	2239	0.519952
2134	2222	0.761236
2135	2274	0.283245
2136	1766	0.266517
2137	2616	0.887185
2138	2132	0.443328
2139	2476	0.341459
2140	2695	0.646859
2141	2351	0.206109
2142	2296	0.233244
2143	2388	0.361075
2144	1766	0.293091
2145	2189	0.506028
2146	2616	0.931763
2147	2519	0.510700
2148	2477	0.391102
2149	2251	0.558538
2150	2078	0.613244
2151	2481	0.230831
2152	2208	0.490391
2153	2201	0.923235
2154	2354	0.598094
2155	2120	0.877151
2156	2146	0.836036
2157	2231	0.966201
2158	2207	0.582077
2159	2132	0.702373
2160	2695	0.657249
2161	2243	0.735612
2162	2676	0.440026
2163	2172	0.853646
2164	2226	0.296300
2165	2262	0.445600
2166	2486	0.349948
2167	2223	0.512137
2168	2126	0.737037
2169	2385	0.358226
2170	2366	0.345198
2171	2248	0.499879
2172	2334	0.161763
2173	2585	0.876301
2174	2616	0.503367
2175	2585	0.969976
2176	2146	0.936773
2177	2062	0.633756
2178	2172	0.860354
2179	2222	0.889641
2180	2166	0.341976
2181	2385	0.483558
2182	2122	0.741094
2183	2243	1.000000
2184	2352	0.310697
2185	2357	0.370263
2186	2263	0.910401
2187	2306	0.334255
2188	2141	0.266519
2189	2695	0.568530
2190	1462	0.440691
2191	1691	0.263609
2192	2066	0.404575
2193	2481	0.459780
2194	1462	0.454923
2195	1979	0.425768
2196	2486	0.376721
2197	2078	1.000000
2198	2289	0.254206
2199	2239	0.446801
2200	2314	0.518648
2201	2665	0.838293
2202	2201	0.483471
2203	2695	0.506508
2204	2678	0.599341
2205	2151	0.493948
2206	2201	1.000000
2207	2122	0.648912
2208	2151	0.276684
2209	1979	0.359597
2210	2300	0.275862
2211	2132	0.639529
2212	2239	0.525128
2213	2665	0.794943
2214	2306	0.351129
2215	1851	1.000000
2216	2717	0.463358
2217	2328	0.519033
2218	2644	0.773185
2219	2404	0.985476
2220	2425	0.596560
2221	2269	0.402963
2222	2454	0.506304
2223	2384	0.298547
2224	2151	0.415136
2225	2352	0.941962
2226	2200	0.573529
2227	2477	0.400386
2228	1568	0.356709
2229	2585	0.938426
2230	2585	0.948686
2231	2717	0.496812
2232	2248	0.417470
2233	1606	1.000000
2234	2096	0.488025
2235	2172	0.965856
2236	2319	0.486799
2237	2644	0.765259
2238	2404	0.995939
2239	2285	0.420510
2240	2673	0.496017
2241	2360	0.427241
2242	2486	0.271329
2243	1815	1.000000
2244	2120	0.898637
2245	2300	0.231313
2246	2516	0.809024
2247	2139	0.374489
2248	2717	0.486778
2249	2665	0.706086
2250	2246	0.494387
2251	2263	0.693831
2252	2540	0.381948
2253	2251	0.503374
2254	2121	0.310043
2255	2616	0.954093
2256	2314	0.493803
2257	1691	0.397275
2258	2338	0.670538
2259	2263	0.784922
2260	2325	0.302080
2261	2201	1.000000
2262	2132	0.733764
2263	2276	0.309734
2264	2486	0.252212
2265	2352	0.908178
2266	2518	0.366295
2267	2425	0.496464
2268	2438	0.213983
2269	2673	0.670600
2270	2338	0.560568
2271	2486	0.381228
2272	2608	0.392000
2273	2345	0.570324
2274	2717	0.544521
2275	2139	0.454920
2276	2436	0.347063
2277	2608	0.388873
2278	2585	0.758261
2279	2242	0.557652
2280	2511	1.000000
2281	2379	0.390704
2282	2301	0.773659
2283	2540	0.410625
2284	2633	0.546291
2285	2132	0.841670
2286	2078	1.000000
2287	2365	0.427270
2288	2078	1.000000
2289	2622	0.426115
2290	2678	0.888455
2291	2180	0.582482
2292	2608	0.298037
2293	2477	0.403432
2294	2243	1.000000
2295	2263	0.401043
2296	2480	0.230376
2297	2329	0.792618
2298	2385	0.366789
2299	2172	0.991811
2300	2540	0.338084
2301	2074	1.000000
2302	2201	1.000000
2303	2154	0.543819
2304	2074	1.000000
2305	2132	0.773609
2306	2132	0.839095
2307	2592	0.523935
2308	2591	0.360525
2309	2634	0.326599
2310	2339	0.735972
2311	2482	0.168367
2312	2404	0.640734
2313	2320	0.386222
2314	2172	0.679060
2315	2425	0.498470
2316	2243	1.000000
2317	2672	0.700139
2318	2120	0.896265
2319	2343	0.503257
2320	2345	0.366809
2321	2172	0.939704
2322	2116	0.451114
2323	2111	1.000000
2324	2287	0.326972
2325	2673	0.337322
2326	2319	0.332492
2327	2622	0.497980
2328	2043	0.661995
2329	2201	1.000000
2330	2352	0.944631
2331	2287	0.281586
2332	2120	1.000000
2333	2241	0.780776
2334	2540	0.346991
2335	2340	0.540638
2336	2665	0.565616
2337	2319	0.567690
2338	1568	1.000000
2339	1568	1.000000
2340	2078	1.000000
2341	2592	0.622667
2342	2367	0.292685
2343	2678	0.940438
2344	2678	0.940438
2345	2634	0.344524
2346	2320	0.453161
2347	2243	1.000000
2348	2577	0.269821
2349	2577	0.269821
2350	2454	0.322155
2351	2132	0.683928
2352	2096	0.592232
2353	2389	0.599716
2354	2078	1.000000
2355	2078	1.000000
2356	2132	0.730797
2357	2488	0.246704
2358	2585	0.389112
2359	2078	1.000000
2360	2371	0.805642
2361	2630	0.282986
2362	2515	0.236112
2363	2678	0.962338
2364	2265	0.736887
2365	2132	0.806910
2366	2577	0.409082
2367	2644	0.389382
2368	2577	0.893927
2369	1851	1.000000
2370	2043	0.645475
2371	2377	0.915682
2372	2535	0.221094
2373	2515	0.251673
2374	2622	0.383145
2375	2360	0.694992
2376	2592	0.690656
2377	2672	0.509206
2378	2383	0.314904
2379	2043	0.754231
2380	2043	0.709450
2381	2397	0.323111
2382	2644	0.631583
2383	2608	0.347412
2384	2339	0.653830
2385	2116	0.376023
2386	1815	0.337411
2387	1568	0.305635
2388	2616	0.815661
2389	2477	0.477678
2390	2120	1.000000
2391	2242	0.703905
2392	1815	0.339318
2393	2397	0.302783
2394	1815	0.420055
2395	2323	0.527110
2396	2367	0.328590
2397	2616	0.791696
2398	2364	0.236187
2399	2369	0.380581
2400	2120	1.000000
2401	2377	0.776499
2402	2363	0.910147
2403	2644	0.456849
2404	2581	0.151453
2405	2387	0.597870
2406	1568	1.000000
2407	2470	0.473882
2408	2120	1.000000
2409	2371	0.758029
2410	2320	0.534760
2411	2409	0.195147
2412	2285	0.456773
2413	2592	0.715202
2414	2404	0.620061
2415	2372	0.369892
2416	2367	0.311925
2417	2445	0.318880
2418	2146	0.448107
2419	2364	0.235549
2420	1815	0.585180
2421	2591	0.547737
2422	2361	0.206365
2423	2350	0.533750
2424	2608	0.345993
2425	2678	0.905331
2426	1568	1.000000
2427	2673	0.646721
2428	2371	0.703314
2429	2352	0.422103
2430	2339	0.531408
2431	2387	0.525432
2432	2526	0.248725
2433	2368	0.305672
2434	2339	0.580149
2435	2352	0.816829
2436	2132	0.748422
2437	2369	0.341088
2438	2251	0.354646
2439	2370	0.203941
2440	2485	0.289329
2441	2457	0.682469
2442	2285	0.593732
2443	2383	0.194623
2444	2726	0.466977
2445	2043	0.662890
2446	1851	1.000000
2447	2406	0.531209
2448	2245	0.496628
2449	2508	0.471468
2450	2368	0.296392
2451	2638	0.304139
2452	2078	1.000000
2453	2577	0.913791
2454	2339	0.386222
2455	2352	0.807182
2456	2558	0.184678
2457	2721	0.408707
2458	2514	0.176138
2459	2409	0.380522
2460	2475	0.271362
2461	1815	1.000000
2462	2120	1.000000
2463	2717	0.414036
2464	2592	0.752440
2465	2511	1.000000
2466	2633	0.785343
2467	2389	0.427140
2468	1815	1.000000
2469	2533	0.290664
2470	2720	0.314070
2471	2717	0.486680
2472	2496	0.556538
2473	2441	0.323288
2474	2644	0.550265
2475	2561	0.524594
2476	2078	1.000000
2477	2201	0.619398
2478	2201	1.000000
2479	2363	0.964204
2480	2556	0.301257
2481	2245	0.377910
2482	2591	0.476843
2483	2608	0.340589
2484	2433	0.412729
2485	2180	0.852080
2486	2678	0.962968
2487	2569	0.476386
2488	2722	0.391194
2489	2408	0.292072
2490	2546	0.263220
2491	1815	1.000000
2492	2406	0.541142
2493	2456	0.332551
2494	2360	0.576392
2495	2721	0.498123
2496	2507	0.254272
2497	2074	1.000000
2498	2678	0.399365
2499	2249	0.419844
2500	2622	0.390741
2501	2400	0.232922
2502	2569	0.443790
2503	2669	0.389498
2504	2638	0.262928
2505	2669	0.457230
2506	2268	0.399605
2507	2456	0.569911
2508	2633	0.924761
2509	2409	0.208788
2510	2120	1.000000
2511	2341	0.668512
2512	2720	0.351627
2513	2201	1.000000
2514	1815	1.000000
2515	2096	0.608815
2516	2723	0.429831
2517	2420	0.269542
2518	2473	0.875611
2519	2501	0.514911
2520	2576	0.234652
2521	2552	0.358359
2522	2719	0.627887
2523	2342	0.658383
2524	2561	0.565500
2525	2534	0.515908
2526	2527	0.236397
2527	1815	1.000000
2528	1815	1.000000
2529	2387	0.301033
2530	2565	0.376618
2531	2431	0.228633
2532	2608	0.296626
2533	2717	0.432732
2534	2510	0.610075
2535	2043	1.000000
2536	2043	1.000000
2537	1815	1.000000
2538	2603	0.155172
2539	2265	0.825619
2540	2566	0.365998
2541	2577	0.713694
2542	2545	0.255005
2543	2672	0.455763
2544	2569	0.522568
2545	2420	0.287845
2546	2418	0.535722
2547	2360	0.708952
2548	2511	1.000000
2549	2675	0.268897
2550	2111	1.000000
2551	2545	0.215548
2552	2396	0.284323
2553	2534	0.557932
2554	2395	0.224689
2555	2666	0.186688
2556	2694	0.480511
2557	2678	0.883117
2558	2694	0.434924
2559	2527	0.279369
2560	2722	0.720257
2561	2043	1.000000
2562	2341	0.660447
2563	2456	0.580217
2564	2569	0.539970
2565	2395	0.270389
2566	2511	1.000000
2567	2510	0.730933
2568	2078	1.000000
2569	2568	0.283929
2570	2622	0.315495
2571	2591	0.605895
2572	2635	0.183902
2573	2243	0.634450
2574	1815	1.000000
2575	2569	0.597411
2576	2678	0.880483
2577	2650	0.194990
2578	2418	0.868719
2579	2544	0.514924
2580	2633	0.647199
2581	2249	0.443664
2582	2268	0.399936
2583	2722	0.761254
2584	2534	0.958818
2585	2593	0.341063
2586	2711	0.357307
2587	2534	0.918258
2588	2569	0.620674
2589	2722	0.761803
2590	2078	1.000000
2591	2418	0.944100
2592	2690	0.336062
2593	2429	0.662116
2594	2420	0.244596
2595	2418	0.707447
2596	2473	0.537952
2597	2534	0.975996
2598	2569	0.548036
2599	2243	0.685199
2600	2243	0.647984
2601	2078	1.000000
2602	2078	1.000000
2603	2434	0.389080
2604	2180	1.000000
2605	2584	0.347063
2606	1815	1.000000
2607	2502	0.598456
2608	2584	0.489002
2609	2532	0.703516
2610	2132	1.000000
2611	2418	0.940300
2612	2418	0.957773
2613	1815	1.000000
2614	2531	0.454022
2615	2423	0.323200
2616	2423	0.323200
2617	2564	0.359284
2618	1815	1.000000
2619	2478	0.513460
2620	2455	0.492901
2621	1815	1.000000
2622	2432	0.413661
2623	2651	0.323997
2624	2715	0.330023
2625	2473	0.602872
2626	2713	0.464134
2627	2511	0.389129
2628	1815	1.000000
2629	2648	0.190386
2630	2584	0.414872
2631	2342	0.397590
2632	2453	0.286041
2633	2453	0.299151
2634	2517	0.459343
2635	2201	1.000000
2636	2531	0.361216
2637	1815	1.000000
2638	2569	0.285813
2639	2442	0.477968
2640	2442	0.466557
2641	2584	0.350998
2642	2078	1.000000
2643	2520	0.563937
2644	2564	0.353759
2645	2484	0.360403
2646	2562	0.331582
2647	2563	0.358760
2648	2593	0.400695
2649	2360	0.839293
2650	2517	0.491890
2651	2591	0.800048
2652	2726	0.579619
2653	2241	0.664724
2654	2501	0.448629
2655	2607	0.426161
2656	1815	1.000000
2657	2713	0.540844
2658	2607	0.484693
2659	2607	0.243601
2660	2532	0.721797
2661	2607	0.318038
2662	2584	0.321913
2663	2078	1.000000
2664	1815	1.000000
2665	2473	0.594312
2666	2363	0.424823
2667	2534	0.973096
2668	2341	0.850538
2669	2511	0.393058
2670	2341	0.501865
2671	2395	0.306239
2672	2687	0.190176
2673	2447	0.215916
2674	2517	0.365709
2675	2517	0.337325
2676	2468	0.532254
2677	2243	1.000000
2678	2723	0.269968
2679	2632	0.865807
2680	2591	0.811922
2681	2700	0.205069
2682	2713	0.704324
2683	2704	0.175207
2684	2756	0.220047
2685	2686	0.208303
2686	2511	1.000000
2687	2490	0.478240
2688	2342	0.420034
2689	2360	0.792788
2690	2043	1.000000
2691	2700	0.213294
2692	2440	0.339918
2693	2078	1.000000
2694	2596	0.606031
2695	2726	0.519545
2696	2462	0.336835
2697	2478	0.633317
2698	2078	1.000000
2699	2243	1.000000
2700	2490	0.686821
2701	2249	0.399985
2702	2414	0.314945
2703	2691	0.556779
2704	2632	0.917178
2705	2715	0.221701
2706	2641	0.180470
2707	2757	0.232091
2708	2633	0.328376
2709	2078	1.000000
2710	2243	1.000000
2711	2730	0.249709
2712	2074	1.000000
2713	2759	0.197822
2714	2596	0.674589
2715	2733	0.354489
2716	2453	0.345964
2717	2414	0.330072
2718	2701	0.360542
2719	2730	0.312576
2720	2622	0.438142
2721	2733	0.367891
2722	2243	1.000000
2723	2489	0.528907
2724	2719	0.879241
2725	2418	0.938646
2726	2754	0.288262
2727	2711	0.297470
2728	2633	0.669287
2729	2078	1.000000
2730	2440	0.247254
2731	2663	0.255713
2732	2378	0.636367
2733	2511	0.543383
2734	2634	0.153630
2735	2726	0.374410
2736	2701	0.292901
2737	2719	0.931238
2738	2414	0.376306
2739	2699	0.204805
2740	2633	0.534456
2741	2615	0.240205
2742	2243	1.000000
2743	2596	0.610116
2744	2211	1.000000
2745	2261	0.738173
2746	2524	0.688310
2747	2261	0.674883
2748	2201	1.000000
2749	2697	0.288287
2750	2078	1.000000
2751	2575	0.327649
2752	2341	0.532944
2753	2261	0.806846
2754	2632	0.887377
2755	2471	0.381863
2756	2742	0.438249
2757	2201	1.000000
2758	2378	0.688844
2759	2681	0.259990
2760	2726	0.449760
2761	2627	0.283751
2762	2378	0.638589
2763	2418	0.529599
2764	2762	0.462388
2765	2489	0.810823
2766	2632	0.753018
2767	2261	0.818939
2768	2740	0.525483
2769	2771	0.410747
2770	2575	0.363709
2771	2722	0.611265
2772	2211	1.000000
2773	2735	0.378401
2774	2456	0.802900
2775	2736	0.277370
2776	2261	1.000000
2777	2719	0.972313
2778	2743	0.500308
2779	2596	0.726091
2780	2201	1.000000
2781	2249	1.000000
2782	2596	0.686482
2783	2261	0.769592
2784	2243	1.000000
2785	2748	0.750142
2786	2719	0.913248
2787	2771	0.289455
2788	2201	1.000000
2789	2120	1.000000
2790	2509	0.463775
2791	2740	0.726194
2792	2243	1.000000
2793	2740	0.641343
2794	2632	0.874488
2795	2201	1.000000
2796	2602	0.414088
2797	2808	0.336529
2798	2201	1.000000
2799	2261	1.000000
2800	2201	1.000000
2801	2575	0.422827
2802	2243	1.000000
2803	2524	0.971265
2804	2762	0.337495
2805	2241	1.000000
2806	2632	0.810715
2807	2689	0.801659
2808	2762	0.660813
2809	2201	1.000000
2810	2748	0.614738
2811	2798	0.677408
2812	2743	0.451157
2813	2261	1.000000
2814	2771	0.299730
2815	2604	0.648479
2816	2201	1.000000
2817	2268	1.000000
2818	2201	1.000000
2819	2261	1.000000
2820	2201	1.000000
2821	2120	1.000000
2822	2201	1.000000
2823	2261	1.000000
2824	2265	1.000000
2825	2743	0.504534
2826	2798	0.380187
2827	2120	1.000000
2828	2261	1.000000
2829	2201	1.000000
2830	2237	1.000000
2831	2120	1.000000
2832	2489	0.347553
2833	2261	1.000000
2834	2740	0.789923
2835	2249	1.000000
2836	2509	0.535158
2837	2766	0.674169
2838	2604	0.688254
2839	2524	0.925500
2840	2524	0.401724
2841	2604	0.558959
2842	2734	0.529030
2843	2689	0.627536
2844	2748	0.647234
2845	2709	0.312749
2846	2211	1.000000
2847	2211	1.000000
2848	2261	1.000000
2849	2748	0.725300
2850	2261	1.000000
2851	2740	0.765370
2852	2237	1.000000
2853	2261	1.000000
2854	2509	0.633963
2855	2796	0.273221
2856	2211	1.000000
2857	2211	1.000000
2858	2237	1.000000
2859	2729	0.434731
2860	2748	0.687566
2861	2734	0.397313
2862	2524	0.749141
2863	2604	0.641160
2864	2524	0.915546
2865	2677	0.515186
2866	2799	0.545157
2867	2604	0.808058
2868	2604	0.656959
2869	2802	0.324202
2870	2762	0.617312
2871	2604	0.875166
2872	2604	0.732288
2873	2637	0.652025
2874	2637	0.704937
2875	2725	0.315291
2876	2798	0.646397
2877	2781	0.390155
2878	2646	0.378900
2879	2773	0.455471
2880	2834	0.339046
2881	2810	0.447108
2882	2773	0.394971
2883	2781	0.616954
2884	2801	0.484124
2885	2784	0.393209
2886	2781	0.688556
2887	2819	0.338911
2888	2762	0.358949
2889	2729	0.692187
2890	2604	0.487077
2891	2604	0.986513
2892	2843	0.282856
2893	2781	0.561684
2894	2637	0.850589
2895	2781	0.643343
2896	2859	0.323231
2897	2729	0.616162
2898	2859	0.519296
2899	2604	0.954422
2900	2604	0.954422
2901	2781	0.573760
2902	2859	0.364996
2903	2781	0.433272
2904	2729	0.522346
2905	2860	0.292993
2906	2839	0.484977
2907	2808	0.491453
2908	2808	0.467874
2909	2853	0.240328
2910	2859	0.760018
2911	2637	0.954803
2912	2807	0.214688
2913	2803	0.514118
2914	2781	0.530768
2915	2729	0.321612
2916	2822	0.477358
2917	2604	0.957708
2918	2835	0.517398
2919	2761	0.248056
2920	2866	0.635087
2921	2870	0.251538
2922	2871	0.223947
2923	2853	0.249769
2924	2604	0.575285
2925	2846	0.281071
2926	2788	0.343994
2927	2858	0.553495
2928	2761	0.740327
2929	2637	0.567752
2930	2913	0.302067
2931	2858	0.607204
2932	2932	0.327646
2933	2804	0.402349
2934	2811	0.182582
2935	2795	0.267430
2936	2822	0.273623
2937	2932	0.338434
2938	2795	0.235774
2939	2858	0.563583
2940	2932	0.317765
2941	2803	0.241635
2942	2775	0.454194
2943	2812	0.125788
2944	2866	0.543207
2945	2816	0.293553
2946	2775	0.606703
2947	2775	0.589806
2948	2906	0.218391
2949	2761	0.443259
2950	2894	0.301126
2951	2882	0.287699
2952	2913	0.392282
2953	2913	0.392700
2954	2803	0.235551
2955	2775	0.504815
2956	2832	0.146521
2957	2889	0.347126
2958	2880	0.266325
2959	2830	0.178779
2960	2901	0.337701
2961	2903	0.332057
2962	2890	0.248551
2963	2886	0.253839
2964	2898	0.346837
2965	2841	0.162587
2966	2814	0.268433
2967	2957	0.147172
2968	2785	0.187951
2969	2889	0.340199
2970	2910	0.163981
2971	2911	0.181910
2972	2830	0.137753
2973	2957	0.161485
2974	2966	0.162205
2975	2944	0.259749
2976	2836	0.185433
2977	2889	0.362736
2978	2850	0.160607
2979	2983	0.224255
2980	2907	0.250292
2981	2980	0.216705
2982	2850	0.150724
2983	2951	0.291615
2984	2944	0.277786
2985	2850	0.172043
2986	2922	0.213809
2987	2976	0.379504
2988	2976	0.350228
2989	2944	0.391453
2990	2920	0.180354
2991	2971	0.189765
2992	2953	0.313186
2993	2978	0.214778
2994	2919	0.126590
2995	2980	0.174346
2996	2955	0.333909
2997	2955	0.356176
2998	2955	0.315185
2999	2999	0.206634
3000	2996	0.205585
