-1.637609	-0.140780	1.095979
-1.648665	-0.193891	1.049608
-1.660735	-0.244669	1.129221
-1.732013	-0.409252	1.104193
-1.578064	-0.105935	1.023284
-1.749489	-0.472128	1.065393
-1.576077	-0.141694	1.151499
-1.693906	-0.407366	1.131569
-1.638336	-0.317054	1.136952
-1.576353	-0.200879	1.140440
-1.695210	-0.448119	1.127467
-1.655858	-0.364945	0.983678
-1.692286	-0.462139	1.123598
-1.536008	-0.163258	1.132807
-1.651222	-0.381263	0.971452
-1.678268	-0.435969	0.970223
-1.687582	-0.458427	0.967862
-1.740824	-0.569432	0.989406
-1.641508	-0.412652	1.120010
-1.746405	-0.614273	1.024312
-1.452238	-0.003505	1.097832
-1.528545	-0.208113	0.952178
-1.732241	-0.608708	1.051655
-1.744986	-0.631412	0.995469
-1.741991	-0.633758	1.011539
-1.736653	-0.631752	1.026301
-1.743110	-0.631862	0.970035
-1.447856	-0.045313	0.976580
-1.728513	-0.626937	1.039414
-1.636724	-0.448591	1.106019
-1.512753	-0.218450	1.091529
-1.657348	-0.460159	0.929683
-1.617105	-0.421850	1.103260
-1.603643	-0.400269	1.101879
-1.435058	-0.053676	1.094052
-1.443566	-0.083327	1.092122
-1.513431	-0.242909	1.082505
-1.699938	-0.607961	1.058034
-1.727157	-0.641985	0.914162
-1.408308	-0.011528	1.087784
-1.513687	-0.266280	1.074304
-1.694265	-0.580395	0.892266
-1.423147	-0.098696	1.074529
-1.643713	-0.538202	1.072418
-1.698221	-0.625154	0.863734
-1.481350	-0.241983	0.918329
-1.618115	-0.473344	0.879336
-1.714966	-0.775616	0.883636
-1.555984	-0.407079	1.054984
-1.437970	-0.198849	1.042965
-1.702737	-0.810065	0.856507
-1.704904	-0.787299	0.751360
-1.603881	-0.494716	0.849924
-1.635201	-0.618755	1.007487
-1.692198	-0.785459	0.719546
-1.466307	-0.296700	1.022270
-1.691682	-0.859184	0.655940
-1.524668	-0.409526	1.022201
-1.429877	-0.245051	1.017374
-1.671997	-0.758659	0.708651
-1.596818	-0.531090	0.814983
-1.507597	-0.400285	1.010018
-1.654953	-0.853584	0.811831
-1.654953	-0.853584	0.811831
-1.636810	-0.740305	0.907657
-1.650705	-1.004344	0.636115
-1.402781	-0.226133	0.894686
-1.557521	-0.496978	0.811901
-1.651376	-0.931111	0.532437
-1.446814	-0.334108	0.986468
-1.630821	-1.012382	0.630890
-1.355153	-0.172969	1.001590
-1.600994	-0.628906	0.736683
-1.640150	-0.950436	0.502334
-1.623089	-0.935839	0.722060
-1.635735	-0.965018	0.486215
-1.384431	-0.230572	0.888032
-1.421079	-0.311658	0.977278
-1.614538	-0.996004	0.649183
-1.628211	-0.937384	0.497123
-1.342590	-0.159681	0.902430
-1.497317	-0.457827	0.974798
-1.614587	-1.099454	0.429728
-1.564352	-0.589129	0.741319
-1.513076	-0.509572	0.961712
-1.513076	-0.509572	0.961712
-1.457463	-0.400795	0.964180
-1.612169	-1.046496	0.412170
-1.386044	-0.277916	0.969432
-1.606420	-0.804149	0.587157
-1.533166	-0.529307	0.770716
-1.383720	-0.267252	0.873478
-1.425704	-0.359446	0.957736
-1.600147	-0.909005	0.487859
-1.557430	-0.622324	0.707203
-1.588415	-1.119119	0.387918
-1.278816	-0.071607	0.920045
-1.306498	-0.162252	0.980345
-1.550539	-0.630479	0.695044
-1.422433	-0.378277	0.946687
-1.370673	-0.291201	0.952666
-1.580867	-0.907841	0.469330
-1.308000	-0.163743	0.894582
-1.264065	-0.092424	0.993283
-1.367713	-0.290177	0.859013
-1.464750	-0.470808	0.781815
-1.538460	-1.014816	0.612020
-1.517364	-0.625234	0.679984
-1.553519	-1.063822	0.311178
-1.510119	-0.699978	0.818279
-1.216729	-0.035648	0.998474
-1.263941	-0.160355	0.961342
-1.525326	-1.194864	0.305833
-1.297331	-0.237528	0.937557
-1.499615	-1.014637	0.599540
-1.491047	-0.657086	0.638887
-1.374686	-0.397210	0.905715
-1.484707	-0.733666	0.774800
-1.197399	-0.012283	0.931513
-1.479290	-0.694648	0.600841
-1.491594	-0.900128	0.414626
-1.492723	-1.051122	0.261524
-1.500231	-1.156928	0.167543
-1.483322	-1.021569	0.285354
-1.496717	-1.224294	0.140230
-1.443942	-0.711253	0.762979
-1.268330	-0.263199	0.909402
-1.451545	-0.728742	0.559026
-1.278399	-0.293997	0.899625
-1.418559	-0.600010	0.659964
-1.362559	-0.483223	0.853463
-1.449273	-0.992794	0.294402
-1.145692	0.013994	0.937448
-1.409645	-0.649435	0.614520
-1.405037	-1.170365	0.379074
-1.112206	0.079251	1.004285
-1.294980	-0.367132	0.796670
-1.386036	-0.671138	0.757335
-1.442216	-1.181577	0.088136
-1.425497	-1.075025	0.186231
-1.388169	-0.995645	0.572264
-1.444089	-1.208097	0.067029
-1.423152	-1.086862	0.171536
-1.407727	-0.937780	0.334855
-1.421044	-1.098742	0.156871
-1.362268	-0.625479	0.773486
-1.337918	-0.542720	0.807413
-1.423718	-1.287012	0.091687
-1.270286	-0.357591	0.795959
-1.391964	-0.878844	0.392069
-1.434131	-1.237870	0.030319
-1.092239	0.072847	1.001420
-1.385468	-0.847183	0.421956
-1.151508	-0.141231	0.927354
-1.209297	-0.273659	0.880715
-1.291612	-0.433391	0.751404
-1.330074	-0.547513	0.675469
-1.229110	-0.329632	0.862049
-1.095203	-0.016605	0.974687
-1.344524	-1.197083	0.312774
-1.337056	-0.631792	0.607854
-1.092881	0.019660	0.935894
-1.319190	-0.580180	0.646072
-1.134834	-0.156682	0.913131
-1.358366	-1.029451	0.203510
-1.352620	-0.991790	0.249753
-1.323341	-0.936278	0.583510
-1.323649	-0.794586	0.657439
-1.260534	-0.466280	0.808604
-1.309289	-1.073607	0.481570
-1.353585	-1.117967	0.092546
-1.072981	0.027252	0.937742
-1.062608	-0.006006	0.970841
-1.295174	-0.916410	0.584323
-1.282211	-1.061200	0.488153
-1.285389	-0.874573	0.602340
-1.107231	-0.179596	0.892807
-1.095772	-0.125320	0.882108
-1.335619	-1.358109	0.003134
-1.273041	-0.677089	0.551041
-1.040723	-0.014159	0.960407
-1.102448	-0.198759	0.881869
-1.303514	-1.120621	0.059842
-1.245018	-1.197140	0.303666
-1.235819	-1.063643	0.475934
-1.129492	-0.267208	0.815824
-1.223365	-0.635759	0.712153
-1.266896	-1.075979	0.108503
-1.095002	-0.209385	0.840962
-1.218797	-0.890425	0.577509
-1.232743	-0.802501	0.426621
-1.227642	-0.747113	0.476813
-1.292051	-1.245541	-0.111594
-1.201794	-0.727674	0.658621
-1.325641	-1.424747	-0.196183
-1.325631	-1.422476	-0.217231
-0.982022	0.075603	0.989992
-1.281902	-1.263227	-0.143488
-1.263290	-1.208707	-0.087651
-1.305131	-1.372801	-0.284554
-1.176641	-0.934643	0.546484
-1.144955	-0.446732	0.701720
-1.198526	-0.972818	0.234491
-0.971351	0.164963	1.000565
-1.183592	-0.712891	0.497972
-1.229192	-1.389728	-0.017790
-1.013933	-0.100140	0.881304
-1.196526	-1.069212	0.092751
-1.148858	-0.665852	0.675456
-1.151310	-0.771188	0.625018
-1.182138	-1.033850	0.145322
-1.218246	-1.186686	-0.097815
-1.250920	-1.327339	-0.327907
-0.946260	0.113478	1.002061
-1.164888	-0.998095	0.193223
-1.130527	-0.912412	0.549582
-0.950539	0.174872	1.001556
-1.136122	-1.289309	0.165744
-1.096266	-0.478957	0.742893
-1.227741	-1.265834	-0.211205
-1.225626	-1.335649	-0.390010
-1.214777	-1.223620	-0.168054
-1.217082	-1.348886	-0.420679
-1.220494	-1.332716	-0.399187
-1.121820	-0.840588	0.585112
-1.179039	-1.120733	-0.006311
-1.179039	-1.120733	-0.006311
-1.210176	-1.325418	-0.412452
-1.202849	-1.373320	-0.451684
-0.932026	0.133471	1.009483
-1.135297	-0.888806	0.321858
-1.128070	-0.654204	0.536057
-1.099066	-0.479773	0.665334
-1.165946	-1.125345	-0.023884
-1.185249	-1.309850	-0.428729
-1.082391	-1.107711	0.409734
-1.053636	-0.423717	0.756617
-0.998047	-0.188445	0.830861
-1.113266	-0.936718	0.264492
-1.150718	-1.388909	-0.034849
-1.211606	-1.427784	-0.370796
-1.061840	-0.423533	0.696090
-1.212651	-1.444611	-0.248736
-1.080727	-1.307471	0.133047
-1.076353	-1.301198	0.142859
-1.091483	-0.880453	0.323138
-1.202163	-1.443013	-0.255754
-0.929839	0.020010	0.924772
-1.156665	-1.414175	-0.463752
-1.056281	-0.732562	0.624801
-1.152777	-1.224655	-0.258288
-1.065735	-0.583885	0.578260
-1.179603	-1.424927	-0.376328
-1.070737	-0.695400	0.488999
-0.993094	-1.431707	-0.678079
-1.151460	-1.415590	-0.166655
-1.035940	-1.288647	0.158580
-0.943620	-1.369731	-0.744570
-0.972124	-0.303096	0.793403
-1.008468	-0.498389	0.709607
-1.102090	-1.239936	-0.443336
-1.048440	-0.874388	0.321733
-0.915470	-0.042794	0.892780
-0.975777	-0.287728	0.764767
-0.992260	-1.332448	-0.652799
-1.038391	-0.891102	0.302268
-1.014948	-0.498304	0.630142
-1.089120	-1.215342	-0.411231
-1.062969	-1.403385	-0.540139
-1.106267	-1.409371	-0.457231
-1.132443	-1.420096	-0.294064
-1.021349	-0.902804	0.286184
-1.072237	-1.359786	-0.108726
-1.058176	-1.221120	-0.475377
-1.073393	-1.358560	-0.129676
-1.118415	-1.408297	-0.333110
-0.974610	-0.618093	0.654648
-1.005075	-1.312696	0.023692
-0.922061	-1.303364	-0.723299
-0.942271	-0.403174	0.734670
-0.957457	-1.280762	0.157330
-1.006191	-1.247320	-0.563505
-1.006785	-1.036688	0.088889
-0.872948	-1.312529	-0.797548
-0.866529	0.032592	0.921761
-0.915498	-0.227079	0.786289
-0.907795	-1.465672	-0.709761
-1.038742	-1.303041	-0.157133
-0.897606	-0.259002	0.796371
-1.073221	-1.369660	-0.351274
-0.915638	-0.391030	0.732957
-0.975674	-1.270983	-0.006614
-0.992144	-1.262927	-0.054717
-0.871005	-0.073064	0.866532
-0.999111	-1.260845	-0.084757
-0.922757	-1.280168	0.135937
-1.019971	-1.163301	-0.401512
-0.994155	-1.070386	-0.038993
-0.906931	-0.998863	0.479352
-0.863179	-1.267513	-0.782108
-0.975368	-1.400107	-0.579045
-0.871541	-1.448649	-0.734073
-1.002984	-1.107411	-0.194405
-0.896846	-1.256195	-0.706141
-0.851882	-1.261776	-0.792417
-0.845468	-1.265179	-0.802862
-0.834029	0.088206	0.943226
-0.921298	-1.238718	-0.650860
-0.995043	-1.107877	-0.223419
-0.895955	-0.645498	0.631076
-0.898392	-0.348789	0.702875
-0.962627	-1.207654	-0.083381
-0.927597	-0.900447	0.267696
-0.833510	0.307581	1.062113
-0.832441	0.288542	1.044196
-0.825923	0.069589	0.932469
-0.975608	-1.090985	-0.187490
-0.833010	-0.143879	0.843479
-0.837110	-1.238363	-0.794643
-0.828803	0.308998	1.057292
-0.832542	-1.240213	-0.801980
-0.806826	0.046606	0.941686
-0.863290	-1.231941	-0.733520
-0.888610	-0.407728	0.660391
-0.868672	-0.547538	0.657691
-0.953601	-1.165195	-0.507699
-0.890391	-1.182238	0.059515
-0.846752	-1.225865	-0.764248
-0.968316	-1.121502	-0.379079
-0.796218	-1.368478	-0.839336
-0.966785	-1.108571	-0.309851
-0.936254	-1.179179	-0.096040
-0.896718	-0.607321	0.520135
-0.896718	-0.607321	0.520135
-0.860619	-0.632789	0.629434
-0.859168	-0.757170	0.590075
-0.800420	0.023456	0.927563
-0.902899	-1.144292	0.014905
-0.851814	-1.220757	0.114455
-0.886638	-0.520160	0.581422
-0.856704	-1.193876	0.097615
-0.890003	-0.777967	0.380903
-0.958564	-1.225574	-0.239801
-0.809588	0.012571	0.898752
-0.803860	-0.094502	0.863075
-0.967044	-1.271712	-0.359608
-0.930049	-1.185344	-0.158018
-0.875857	-0.650667	0.481832
-0.884230	-1.194303	-0.643053
-0.929793	-1.344644	-0.545399
-0.929793	-1.344644	-0.545399
-0.829818	-0.459520	0.681141
-0.800854	-0.004737	0.886762
-0.760835	-1.283960	-0.895589
-0.871688	-0.959897	0.164164
-0.840194	-1.113965	0.095373
-0.905979	-1.166623	-0.149542
-0.771483	0.080895	0.953076
-0.853065	-0.854616	0.298924
-0.785304	0.061307	0.918918
-0.803690	-1.154881	0.131206
-0.824820	-1.186332	-0.740694
-0.873434	-1.131119	-0.059596
-0.789519	-0.050978	0.856461
-0.747518	-1.330608	-0.878212
-0.788961	0.342148	1.088711
-0.896537	-1.326248	-0.550197
-0.758044	0.126649	0.976795
-0.830460	-0.608207	0.502736
-0.865512	-1.154606	-0.602050
-0.851292	-0.974567	0.074473
-0.767731	-0.894101	0.537565
-0.793004	-0.249929	0.735547
-0.871605	-1.150034	-0.190205
-0.797169	-1.160325	-0.761466
-0.811340	-0.890514	0.246886
-0.836420	-1.110644	-0.065095
-0.739518	-0.971071	0.499473
-0.846928	-1.135887	-0.596096
-0.787774	-0.370229	0.656447
-0.848724	-1.339768	-0.590703
-0.707059	-1.219667	0.275441
-0.869855	-1.182808	-0.328858
-0.703195	-1.183498	0.331899
-0.837808	-0.997233	-0.080581
-0.746068	-0.301156	0.728870
-0.697256	-1.146435	0.371326
-0.690638	-1.223019	0.251971
-0.815800	-1.131968	-0.646269
-0.690392	-1.185485	0.205781
-0.722860	0.169379	0.993658
-0.768132	-0.563305	0.518139
-0.758104	-1.031122	0.111130
-0.846655	-1.189833	-0.384884
-0.815330	-1.111589	-0.181007
-0.823768	-1.299630	-0.574352
-0.704974	-0.691469	0.597132
-0.797712	-1.348496	-0.632464
-0.676761	-0.980668	0.499518
-0.746700	-1.046927	0.067207
-0.821948	-1.040581	-0.447760
-0.745056	-1.114421	-0.798943
-0.739485	-0.540895	0.525454
-0.681276	-0.770994	0.578679
-0.756401	-1.323901	-0.703562
-0.674482	-0.810817	0.568708
-0.804476	-1.278832	-0.569626
-0.696012	0.037546	0.908397
-0.729433	0.307354	1.033669
-0.807977	-0.996180	-0.379227
-0.714198	-0.123261	0.789333
-0.627650	-1.188750	0.237399
-0.675431	-0.574585	0.616610
-0.777179	-1.098949	-0.645949
-0.719694	-0.578575	0.492211
-0.784096	-0.968393	-0.172980
-0.694154	-1.275575	-0.837698
-0.703220	-0.092383	0.804832
-0.639212	-1.049889	0.226467
-0.727229	-1.282372	-0.741517
-0.720856	0.324939	1.040269
-0.735079	-0.886337	0.155721
-0.681372	-0.983473	0.178096
-0.639844	-1.024197	0.223410
-0.598820	-1.136242	-1.199182
-0.611342	-1.082897	0.439130
-0.710943	-1.091937	-0.835637
-0.601202	-1.161416	-1.173219
-0.781587	-0.964492	-0.323735
-0.602737	-1.167363	-1.159932
-0.781059	-0.985001	-0.397178
-0.696818	0.218706	0.980544
-0.589855	-1.149626	-1.205716
-0.613091	-1.128286	-1.123079
-0.585446	-1.195731	0.326047
-0.608488	-1.127910	-1.137535
-0.646536	-0.489111	0.633331
-0.734464	-0.905612	0.043986
-0.734464	-0.905612	0.043986
-0.766888	-0.955254	-0.263399
-0.752683	-1.079428	-0.651321
-0.625852	-0.745500	0.584977
-0.732966	-1.051314	-0.128139
-0.662024	-1.248119	-0.885456
-0.684678	-0.680190	0.402991
-0.650846	-0.964183	0.199010
-0.583505	-1.100384	0.249297
-0.609417	-0.866120	0.556730
-0.730066	0.425128	1.086683
-0.723057	-1.042453	-0.107463
-0.759538	-1.240462	-0.571037
-0.674932	-0.082974	0.801484
-0.591277	-1.033839	0.252710
-0.712748	-1.249022	-0.722424
-0.674897	-0.449591	0.566659
-0.759519	-1.209866	-0.536975
-0.672871	-0.366646	0.621923
-0.665336	-0.978139	0.124985
-0.612116	-0.975411	0.232678
-0.605676	-1.100333	-1.114885
-0.604525	-0.977842	0.238652
-0.673536	0.279835	1.045728
-0.752190	-1.124440	-0.427544
-0.659972	-0.998476	0.087200
-0.617473	-1.209359	-0.998301
-0.611051	-0.503030	0.623873
-0.643585	-1.223527	-0.898941
-0.721753	-0.915772	-0.127976
-0.581499	-1.182661	-1.131502
-0.739812	-1.188744	-0.534162
-0.736616	-1.195987	-0.546258
-0.657683	-1.004966	0.035587
-0.640998	-0.976610	0.106719
-0.627990	-0.145190	0.780845
-0.557449	-0.983964	0.270418
-0.645048	-0.088380	0.788140
-0.718697	-1.220962	-0.606934
-0.588880	-1.184103	-1.064359
-0.688952	-1.015089	-0.155047
-0.644439	0.064852	0.880059
-0.560016	-0.758011	0.586129
-0.611151	-1.201231	-0.960295
-0.596093	-1.191758	-1.014671
-0.634032	-1.049654	-0.953206
-0.605973	-0.225540	0.730934
-0.590264	-1.186543	-1.028499
-0.619169	-0.970828	0.095632
-0.608181	-0.128738	0.784774
-0.567337	-0.910517	0.250667
-0.503837	-1.097065	0.447037
-0.617292	-0.260449	0.671945
-0.664738	-0.845271	0.044643
-0.611863	-1.047123	-0.998204
-0.675515	0.396499	1.059775
-0.650823	0.344497	1.074200
-0.661254	-0.846652	0.011368
-0.670272	-1.171641	-0.705181
-0.685019	-0.896776	-0.277833
-0.586078	-0.172117	0.754126
-0.485282	-1.054096	-1.431096
-0.565771	-1.045782	-1.134736
-0.687530	-0.983009	-0.542030
-0.686162	-0.958803	-0.482201
-0.512504	-0.727634	0.594438
-0.474209	-0.984973	-1.476675
-0.511093	-0.898706	0.287419
-0.630579	-1.025977	-0.873286
-0.583249	-0.439166	0.538482
-0.599627	-0.015528	0.817090
-0.590438	-1.030237	-1.015813
-0.662060	-0.878767	-0.256043
-0.447994	-1.147672	0.409652
-0.599605	0.046602	0.854400
-0.513613	-0.517330	0.610278
-0.573946	-0.704340	0.324615
-0.667382	-0.965990	-0.542600
-0.577549	-1.152053	-0.968080
-0.417708	-0.948202	-1.636786
-0.413901	-0.941096	-1.648628
-0.575157	-0.741299	0.270732
-0.599961	0.152153	0.915785
-0.557789	-1.020242	-1.100255
-0.604405	0.209652	0.949546
-0.555031	-0.612765	0.397922
-0.460456	-0.966060	-1.469987
-0.429724	-0.941892	-1.575712
-0.611940	-1.004701	-0.866381
-0.494575	-0.842719	0.282264
-0.497316	-0.838739	0.278121
-0.411790	-1.150071	0.415421
-0.433199	-0.941557	-1.552384
-0.645673	-0.948200	-0.547310
-0.445431	-0.897483	0.575328
-0.633077	-1.108046	-0.664821
-0.590306	-0.764394	0.122467
-0.447734	-0.874399	0.318118
-0.442107	-0.881317	0.321526
-0.657849	0.501575	1.109677
-0.646364	0.464126	1.072802
-0.555575	-0.104284	0.744695
-0.543253	-1.005897	-1.103599
-0.515920	-0.235323	0.702995
-0.515455	-1.132976	-1.129014
-0.527586	-0.887862	0.120793
-0.472431	-0.459263	0.618206
-0.526169	-0.606324	0.385707
-0.531481	-1.004471	-1.132059
-0.579003	-1.106734	-0.875509
-0.411012	-0.981770	0.551715
-0.595324	-1.092031	-0.800958
-0.408043	-0.909532	0.337311
-0.595502	-0.953706	-0.283135
-0.426127	-0.797503	0.604737
-0.559956	-0.723013	0.184173
-0.392717	-0.950494	0.339128
-0.613513	-0.958904	-0.704487
-0.424264	-0.746190	0.609843
-0.582844	-1.088985	-0.830366
-0.407318	-0.905193	0.585879
-0.532986	-0.992995	-1.094630
-0.568459	-0.747033	0.077493
-0.553637	-1.098709	-0.942157
-0.604177	-0.956610	-0.734802
-0.337607	-0.890423	-1.798875
-0.390391	-0.998342	-1.601564
-0.604069	-1.036153	-0.524966
-0.389701	-0.889667	0.345078
-0.595424	-0.995481	-0.427003
-0.603681	-1.052723	-0.595895
-0.377877	-0.985083	-1.640307
-0.414158	-0.669215	0.610005
-0.419088	-0.929921	-1.522809
-0.565490	-1.082757	-0.866116
-0.495968	-0.840262	0.150824
-0.596528	-1.018652	-0.491721
-0.521267	0.010861	0.837506
-0.521267	0.010861	0.837506
-0.530037	0.074670	0.877402
-0.597164	-1.032494	-0.542608
-0.560568	-0.913680	-0.204729
-0.398892	-0.909770	-1.584941
-0.611207	0.466712	1.106150
-0.469748	-0.981118	-1.308909
-0.388467	-0.840002	0.343961
-0.451389	-1.074099	-1.321998
-0.515460	-1.099946	-1.041256
-0.432457	-1.053967	-1.397066
-0.569191	-0.948576	-0.345368
-0.553952	-1.071801	-0.876787
-0.403514	-0.572027	0.605755
-0.582611	-1.041108	-0.668698
-0.379635	-0.823819	0.346166
-0.579896	-1.041990	-0.687148
-0.317070	-1.178832	0.371331
-0.470727	-0.978957	-1.270157
-0.292570	-0.817873	-1.896151
-0.471142	-0.472657	0.456304
-0.541524	0.272672	1.002497
-0.574331	-0.919524	-0.716439
-0.509242	0.095173	0.882315
-0.595071	0.469197	1.055301
-0.583394	0.446572	1.093128
-0.508723	-0.966530	-1.079829
-0.757851	1.429615	1.390198
-0.442064	-0.959321	-1.358367
-0.466377	-0.821940	0.112555
-0.746993	1.469426	1.386141
-0.510205	-0.683110	0.132592
-0.542846	-0.935714	-0.374137
-0.509670	-0.683251	0.118941
-0.340809	-0.909539	0.615849
-0.488470	-0.799103	0.030234
-0.526942	0.273588	0.998162
-0.492703	-0.655004	0.190085
-0.523669	0.216356	0.923747
-0.746785	1.307310	1.326274
-0.732256	1.435161	1.351557
-0.593517	0.522326	1.067036
-0.550960	-0.999831	-0.669048
-0.464844	-0.792456	0.081999
-0.540671	0.359518	1.046900
-0.448586	-0.324814	0.547338
-0.703105	1.621720	1.429108
-0.278723	-0.853822	-1.863767
-0.735096	1.238124	1.292428
-0.532309	-0.918324	-0.861426
-0.725533	1.264327	1.272155
-0.422939	-0.946742	-1.378842
-0.265184	-1.161478	0.415548
-0.719219	1.298051	1.278693
-0.718320	1.164722	1.224658
-0.539946	-0.848901	-0.555734
-0.426829	-1.057658	-1.285724
-0.533720	-0.833697	-0.489770
-0.326903	-0.957073	-1.673232
-0.418958	-0.186333	0.702630
-0.315381	-0.942399	-1.708722
-0.482718	-0.654917	0.095149
-0.670849	1.708179	1.467726
-0.667091	1.716781	1.459388
-0.690689	1.100489	1.153772
-0.248038	-1.100482	0.368237
-0.695536	1.388439	1.306984
-0.666311	1.713867	1.483267
-0.694928	1.045369	1.193246
-0.327290	-0.560523	0.616923
-0.513437	-0.989547	-0.829043
-0.416753	-0.519968	0.364963
-0.486472	-0.709382	-0.089045
-0.670584	1.584585	1.381835
-0.248954	-1.124182	0.481220
-0.310968	-0.675350	0.650192
-0.404498	-0.936007	-1.399381
-0.341660	-0.689157	0.336023
-0.331607	-0.966011	-1.621038
-0.285320	-0.937522	0.639116
-0.419433	-0.752063	0.109987
-0.687965	1.061894	1.228962
-0.689006	1.074448	1.240765
-0.632434	1.808867	1.472967
-0.308535	-0.940901	-1.691433
-0.365907	-1.002918	-1.485479
-0.507958	0.337022	0.978993
-0.490211	-0.899281	-0.961661
-0.575735	0.594519	1.119576
-0.251073	-1.068292	0.556746
-0.447037	-0.780096	-0.069571
-0.364467	-0.903860	-1.535968
-0.284347	-0.860714	0.670447
-0.255225	-0.855758	-1.857880
-0.499914	-0.797985	-0.474964
-0.413109	-0.192372	0.619060
-0.451070	0.123843	0.880145
-0.672429	1.522258	1.544606
-0.613600	1.851626	1.491658
-0.504564	-0.823722	-0.651947
-0.135647	-0.636039	-2.312655
-0.206609	-0.707455	-2.060331
-0.460384	-0.682518	-0.083079
-0.186568	-0.688472	-2.120661
-0.130545	-0.690537	-2.264407
-0.329852	-0.865701	-1.640855
-0.372814	-0.914260	-1.475191
-0.461426	-0.903269	-1.052326
-0.593410	1.901839	1.474091
-0.284158	-0.600315	0.641994
-0.380608	-0.704078	0.164365
-0.303598	-0.457789	0.616227
-0.553161	0.585957	1.118733
-0.274966	-0.719339	0.687038
-0.611379	1.801010	1.537463
-0.252775	-0.940547	0.662385
-0.471108	-0.970724	-0.919798
-0.638244	1.628623	1.564853
-0.388241	-0.926060	-1.388596
-0.524129	0.502957	1.031734
-0.576722	1.940741	1.463181
-0.457128	-0.889235	-1.035931
-0.384336	-0.924890	-1.399764
-0.605682	0.956225	1.068117
-0.482696	-0.931766	-0.756658
-0.193365	-0.696279	-2.079510
-0.357479	-0.197836	0.685498
-0.236324	-0.782574	0.420159
-0.458191	-0.734330	-0.306633
-0.426733	-0.600117	0.080178
-0.559053	1.970170	1.377753
-0.529788	0.552074	1.042521
-0.448732	-0.888343	-1.056418
-0.596839	0.926509	1.070987
-0.282503	-0.649443	0.370117
-0.562910	1.970590	1.460618
-0.541655	0.594487	1.117178
-0.371542	-0.472109	0.348251
-0.475429	-0.915290	-0.726925
-0.126001	-0.622701	-2.310906
-0.395606	-0.919407	-1.321647
-0.474992	-0.784836	-0.617558
-0.319222	-0.305078	0.644563
-0.422484	-1.007006	-1.124358
-0.483647	0.386286	0.984524
-0.555064	1.944780	1.370052
-0.436621	-0.892759	-1.096380
-0.433814	-0.674092	-0.133632
-0.454490	-0.742213	-0.382869
-0.526969	0.575595	1.045842
-0.557760	1.920685	1.373989
-0.569762	1.848093	1.388042
-0.452513	-0.862949	-0.988831
-0.049614	-0.617057	-2.537505
-0.218910	-0.790429	0.430084
-0.566342	1.932457	1.525108
-0.268913	-0.497608	0.623451
-0.397716	-0.714822	-0.021905
-0.467160	-0.821944	-0.832241
-0.424032	-0.893681	-1.149548
-0.278303	-0.626409	0.367318
-0.453921	-0.746147	-0.427239
-0.416507	-0.896493	-1.188740
-0.227456	-0.735589	0.424701
-0.418399	-0.894237	-1.175697
-0.467772	-0.783025	-0.662258
-0.577653	0.906412	1.068063
-0.304202	-0.937207	-1.624420
-0.058496	-0.585291	-2.536666
-0.568151	1.810684	1.388404
-0.568151	1.810684	1.388404
-0.169547	-1.052888	0.406497
-0.199799	-0.844732	0.437071
-0.006523	-0.588521	-2.801861
-0.394963	-0.906719	-1.282320
-0.182206	-0.941938	0.425546
-0.566943	0.942130	1.048193
-0.440066	-0.726812	-0.370640
-0.345762	-0.658708	0.167412
-0.345762	-0.658708	0.167412
-0.003802	-0.594550	-2.774662
-0.189886	-0.792431	-1.975662
-0.242553	-0.654254	0.403269
-0.206320	-0.810691	-1.926160
-0.565475	1.003221	1.057080
-0.395110	-1.007103	-1.209098
-0.009425	-0.567332	-2.795807
-0.574303	1.151816	1.127118
-0.560644	0.971054	1.047627
-0.442552	0.294482	0.974309
-0.198366	-0.797537	0.442060
-0.000560	-0.610756	-2.730408
-0.451519	-0.905726	-0.814939
-0.395804	-0.894730	-1.246916
-0.435995	0.276351	0.961999
-0.240742	-0.556421	0.648533
-0.569672	1.190203	1.146908
-0.440403	-0.925413	-0.922216
-0.155483	-0.662543	-2.160038
-0.319677	-0.201911	0.678933
-0.426945	-0.853848	-1.046038
-0.440912	0.309990	0.980883
-0.233040	-0.699908	0.726584
-0.439587	0.285481	0.918168
-0.329490	-0.634639	0.185634
0.016752	-0.603727	-2.824265
-0.106769	-0.608498	-2.335106
-0.571444	1.758064	1.593454
-0.575149	1.725731	1.596577
0.020211	-0.603208	-2.845439
-0.348294	-0.220484	0.545672
-0.431064	-0.724393	-0.455410
-0.605848	1.242495	1.423568
-0.513458	2.054550	1.447231
-0.557183	1.663452	1.362614
-0.584472	1.600866	1.610169
-0.363263	-0.906161	-1.377299
-0.602120	1.274470	1.451514
-0.281947	-0.297572	0.646256
-0.224055	-0.661318	0.721837
-0.428987	-0.914689	-0.933579
-0.433831	-0.734218	-0.569682
-0.145181	-1.004353	0.429465
-0.585340	1.524383	1.602805
-0.501628	2.076821	1.425879
-0.193862	-0.701523	0.445605
-0.142928	-0.652604	-2.182085
-0.468181	0.486156	0.997190
-0.420251	0.283779	0.957479
-0.512514	1.947500	1.355587
-0.149343	-0.929314	0.446854
-0.332584	-0.963808	-1.453542
-0.431705	-0.762394	-0.772859
-0.406157	-0.839207	-1.077021
-0.403419	-0.842677	-1.091028
-0.543195	1.537579	1.318749
-0.573986	1.075781	1.290347
-0.564525	1.610049	1.622193
-0.388815	-0.805894	-0.372391
-0.421303	-0.788483	-0.898290
-0.343831	-0.003860	0.777728
-0.337091	-0.133299	0.603604
-0.421446	-0.874867	-0.836600
-0.222088	-0.571830	0.405449
-0.414777	0.306896	0.964852
-0.373753	-0.865680	-1.240662
-0.310210	-0.941336	-1.526044
-0.538821	0.943741	1.164671
-0.369226	-0.868300	-1.258222
-0.064980	-0.693401	-2.281647
-0.369128	-0.865033	-1.251444
-0.330355	-0.889400	-1.467643
-0.334498	-0.969039	-1.400786
-0.354883	-0.975277	-1.288024
-0.414244	-0.743773	-0.771166
-0.549783	1.039604	1.260647
-0.401828	-0.796107	-0.986426
-0.500880	1.867090	1.363538
-0.235983	-0.853368	-1.773916
-0.230341	-0.846336	-1.790726
-0.288936	-0.149261	0.697447
-0.434545	0.444317	1.027377
-0.197761	-0.728942	-1.963144
-0.236081	-0.784638	-1.825136
-0.528169	1.719640	1.629539
-0.509916	1.612956	1.335377
-0.259766	-0.520899	0.298193
0.064169	-0.575918	-3.148886
-0.519672	1.769703	1.626691
-0.538019	1.533137	1.627785
-0.317314	-0.014437	0.766021
-0.485028	1.180038	1.111123
-0.141218	-0.661153	-2.145996
-0.526577	1.623057	1.644190
-0.540388	1.256681	1.445009
-0.313336	-0.875285	-1.500287
-0.310551	-0.939403	-1.475041
-0.482454	1.248989	1.149720
-0.290503	-0.853762	-1.602179
0.089846	-0.618674	-3.141451
-0.390755	-0.706480	-0.705014
0.078054	-0.630169	-2.805084
-0.480999	1.844674	1.362297
-0.487510	1.738483	1.360278
-0.362017	-0.784040	-0.468553
-0.235730	-0.792827	-1.799646
-0.186681	-0.722886	-1.975814
-0.175697	-0.509676	0.677295
-0.477976	1.402898	1.237753
-0.292871	-0.619066	0.023832
-0.261670	-0.881705	-1.658468
-0.380738	-0.799166	-0.719119
-0.349267	-0.770805	-0.430959
-0.193254	-0.385360	0.645816
-0.483929	1.895651	1.625957
-0.344628	-0.932324	-1.217205
-0.241741	-0.859339	-1.720984
0.024214	-0.508464	-2.787681
-0.360894	-0.786937	-1.086260
-0.333352	-0.598174	-0.200331
-0.108626	-0.801866	0.497685
-0.285218	-0.909609	-1.552129
-0.404681	0.447802	1.009618
-0.452151	1.269560	1.150726
-0.194125	-0.740341	-1.930232
-0.505294	1.440392	1.597621
-0.506229	1.311982	1.496846
-0.334635	-0.829583	-1.257157
-0.371039	-0.814356	-0.836683
-0.287153	-0.437766	0.168970
-0.429111	1.007901	1.003233
-0.358898	-0.757465	-1.014484
-0.140385	-0.754855	-2.002998
-0.311518	0.037242	0.704918
-0.173226	-0.713579	-1.997528
-0.473498	1.832676	1.644184
-0.426646	1.111407	1.050434
-0.351134	-0.768813	-1.061274
-0.353054	-0.767129	-0.617320
-0.314600	-0.853949	-1.365532
-0.353154	-0.660857	-0.603245
-0.444348	1.431565	1.244566
-0.296986	-0.862439	-1.479588
-0.155719	-0.698539	0.848474
-0.284145	-0.850604	-1.550512
-0.201502	-0.814651	-1.826767
-0.417235	0.882149	0.976226
-0.455985	0.949945	1.146521
-0.434449	2.093412	1.532318
0.074353	-0.493337	-3.103271
-0.436966	1.930202	1.345339
-0.156240	-0.436396	0.673634
0.079706	-0.496746	-3.124636
-0.406167	2.202016	1.381290
-0.479546	1.436544	1.600482
-0.399545	0.580417	0.959944
-0.471885	1.573876	1.662572
-0.282405	-0.033049	0.629403
0.087362	-0.500612	-3.146929
-0.340926	-0.740567	-1.022785
-0.405387	0.854459	0.970776
-0.266528	-0.420774	0.151106
-0.387258	0.519531	0.943328
-0.124652	-0.741934	-2.026876
-0.304850	-0.579834	-0.247829
-0.421185	2.112917	1.523914
-0.346693	-0.799256	-0.888697
-0.058489	-0.931982	0.502892
-0.393821	1.065517	1.012103
-0.391482	2.220762	1.331421
-0.181501	-0.282714	0.664683
-0.450305	1.829655	1.656627
-0.466274	1.414013	1.585463
-0.392209	0.918666	0.963169
-0.281222	-0.849055	-1.511076
-0.025827	-0.665206	-2.281991
-0.271141	-0.839788	-1.568187
-0.439152	1.945769	1.634617
-0.331796	-0.644010	-0.619699
-0.395747	0.698363	0.969308
-0.332100	-0.730553	-1.021844
-0.131233	-0.840718	0.874547
-0.320279	-0.760116	-1.145549
0.134459	-0.632849	-2.836484
-0.091770	-0.666894	0.527322
-0.426464	1.691657	1.346459
-0.314194	-0.613453	-0.449512
-0.142904	-0.464253	0.462774
-0.388498	0.849635	0.959907
-0.254159	-0.824843	-1.643676
-0.282061	-0.535246	-0.141187
-0.434901	1.927850	1.642087
-0.451289	1.570770	1.668173
-0.325983	-0.728629	-1.033702
-0.404631	1.422767	1.228758
-0.135684	-0.757005	0.900997
-0.312204	-0.769648	-1.180979
-0.382292	0.618542	0.950943
-0.386664	0.800805	0.961724
-0.415211	1.907131	1.346684
-0.141994	-0.756024	-1.972048
-0.249646	-0.129717	0.508779
-0.237017	-0.810375	-1.709605
-0.445471	1.240069	1.418985
-0.238741	-0.584255	-0.025888
-0.232587	-0.806464	-1.724914
-0.307856	-0.609349	-0.474120
-0.117949	-0.736912	-2.030073
-0.087853	-0.636525	0.532381
-0.193771	-0.188761	0.685744
-0.325338	-0.662278	-0.778422
0.022523	-0.500995	-2.707341
-0.442922	1.541693	1.663233
-0.237539	-0.198664	0.426634
-0.160566	-0.713485	-1.993362
-0.026030	-0.552867	-2.485104
-0.201681	-0.466708	0.203593
-0.364400	0.951563	0.953290
-0.269543	-0.896242	-1.504359
-0.321296	-0.807863	-1.016337
-0.287438	-0.901988	-1.376953
-0.384299	2.201484	1.443046
-0.296211	-0.891951	-1.294493
-0.009873	-0.654798	-2.303675
-0.002129	-0.650232	-2.323977
-0.434262	1.560557	1.669498
-0.085287	-0.616910	-2.269831
-0.126943	-0.662069	0.901353
-0.367653	0.806447	0.946903
-0.123950	-0.623404	0.881860
-0.325694	0.325348	0.917935
-0.352349	1.028595	0.973667
-0.120931	-0.594987	0.862789
0.093307	-0.630663	-2.581069
-0.362773	1.272207	1.118430
-0.379132	2.199327	1.457335
-0.210754	-0.537702	0.050867
-0.314205	-0.787919	-0.985093
-0.191146	-0.150370	0.698883
0.186405	-0.642715	-3.101562
0.152538	-0.630413	-2.801716
-0.285326	-0.888988	-1.328349
-0.386978	1.573009	1.303990
-0.409253	1.141116	1.299535
-0.275046	-0.816136	-1.387713
0.162009	-0.630435	-2.840684
-0.275337	-0.692880	-0.454631
-0.352844	0.810883	0.935541
-0.280158	-0.888868	-1.354113
-0.223057	-0.592614	-0.097167
-0.038437	-0.570284	-2.419134
-0.366797	2.221844	1.431613
0.063423	-0.463360	-2.897618
-0.373356	2.191674	1.478897
-0.293939	-0.714037	-0.643128
-0.301612	-0.646050	-0.795079
-0.254957	-0.670189	-0.347475
-0.223626	-0.604312	-0.130051
0.146959	-0.629478	-2.743403
-0.371308	2.067280	1.302312
-0.170383	-0.370156	0.318514
-0.407817	1.637142	1.680285
-0.228197	-0.625446	-0.191788
-0.290356	-0.711892	-0.663651
-0.399261	1.222427	1.382433
-0.212792	-0.185138	0.397713
0.129788	-0.627871	-2.659564
-0.294533	-0.651608	-0.859658
-0.370041	0.960512	1.111398
-0.219678	-0.104080	0.490689
-0.212487	-0.153406	0.431125
0.185514	-0.578336	-3.240484
0.062309	-0.459953	-2.879914
-0.291416	-0.722717	-0.790036
-0.247967	-0.818118	-1.531439
0.202781	-0.634072	-3.012279
0.176036	-0.627422	-2.828814
-0.367610	1.027805	1.168581
-0.104840	-0.612705	0.931822
-0.182090	-0.800057	-1.820157
-0.010681	-0.909671	0.546551
-0.082347	-0.467563	0.538365
-0.062887	-0.600615	-2.317789
0.000626	-0.527814	-2.562582
-0.390045	1.521165	1.659236
-0.328559	0.623345	0.907007
-0.361743	1.672424	1.341868
-0.386289	1.541154	1.667211
-0.121167	-0.737677	-1.995016
-0.147172	-0.712311	-1.987792
-0.340449	0.790771	1.014466
-0.090743	-0.416442	0.746937
0.176943	-0.625227	-2.788149
-0.274236	-0.632246	-0.837096
-0.128436	-0.239545	0.693749
-0.293274	1.131932	0.999969
-0.227385	-0.505014	-0.251338
-0.027533	-0.969160	0.734418
-0.363671	2.083053	1.592856
-0.106413	-0.726292	-2.027022
-0.270786	-0.784669	-1.112113
-0.253982	-0.858402	-1.379438
-0.008677	-0.825223	0.572079
-0.231332	-0.803365	-1.557722
-0.303914	0.477765	0.869516
-0.311066	0.603250	0.889821
-0.190576	-0.131684	0.417754
-0.096525	-0.329178	0.720253
-0.262561	-0.694696	-0.744527
-0.301510	0.449471	0.935684
-0.129290	-0.201738	0.700266
-0.037917	-0.589806	0.592077
-0.312241	1.467885	1.234263
-0.160523	-0.497281	0.016529
-0.068181	-0.426836	0.551459
-0.197465	-0.780603	-1.749833
-0.343100	1.919477	1.343099
-0.339345	2.177550	1.523587
-0.196297	-0.429723	-0.100734
-0.203544	0.006443	0.569085
-0.029093	-0.938648	0.802784
-0.230698	-0.852628	-1.530357
-0.354235	1.983750	1.652139
-0.218832	-0.792812	-1.582648
-0.211337	-0.505501	-0.323110
-0.171428	-0.271686	0.184947
-0.222840	-0.847084	-1.573056
-0.306345	2.285055	1.336165
-0.244973	-0.646819	-1.027257
0.114317	-0.603731	-2.547042
-0.057098	-0.603559	-2.303012
-0.111741	-0.674507	-2.087027
-0.237547	-0.833606	-1.372936
-0.148532	-0.083354	0.732667
0.232934	-0.619764	-2.939139
-0.165828	-0.161855	0.334275
-0.268394	0.811945	0.867468
0.038672	-0.627652	-2.357913
-0.213549	-0.527352	-0.477195
-0.070602	-0.549811	0.975512
-0.334252	1.645604	1.681271
-0.321943	1.820090	1.368453
-0.207124	-0.780907	-1.592005
-0.187135	-0.459714	-0.245702
-0.215722	-0.742892	-1.388046
-0.073854	-0.704241	1.047700
-0.212717	-0.765147	-1.468133
0.220420	-0.615465	-2.836885
-0.276333	0.491535	0.928117
-0.250213	0.851343	0.855278
-0.046207	-0.403940	0.579939
-0.327794	2.069945	1.614847
-0.284837	0.719335	0.971276
-0.068167	-0.590370	1.024649
-0.151344	-0.250405	0.172348
-0.191663	0.105489	0.792977
-0.223081	-0.820318	-1.401001
0.123669	-0.597378	-2.550213
-0.231576	-0.729689	-1.084878
-0.281959	1.581922	1.301592
-0.272754	0.953672	1.049617
-0.206449	-0.721708	-1.361213
-0.159526	-0.387885	-0.091718
-0.173147	0.011541	0.530359
-0.209519	-0.547587	-0.670716
-0.144610	-0.261047	0.141075
-0.201325	-0.632458	-0.600975
-0.266316	0.983369	1.067050
-0.173924	0.031689	0.548550
-0.211977	1.108120	0.938216
-0.222643	-0.685017	-0.912115
-0.300863	1.393526	1.550774
-0.266017	1.555682	1.283596
-0.287936	1.705567	1.363459
-0.206434	1.061959	0.904338
-0.260555	1.029846	1.103763
-0.196104	-0.707369	-1.356703
-0.118831	-0.694389	-2.010567
-0.045467	-0.598620	-2.308292
-0.197465	-0.625785	-1.165710
-0.177516	-0.762533	-1.719270
0.176919	-0.429048	-3.193212
-0.307109	1.823885	1.676665
-0.072516	-0.267064	0.465282
-0.052332	-0.548642	1.039539
-0.259601	1.589880	1.305857
-0.295619	1.646259	1.676241
-0.187838	-0.742380	-1.501185
-0.012070	-0.658087	-2.220860
-0.195141	-0.547990	-0.750054
0.046489	-0.462728	-2.736458
-0.047296	-0.520979	1.024737
-0.191019	1.160789	0.963871
0.010953	-0.916165	0.825939
-0.142971	-0.727866	-1.888959
-0.201358	0.231799	0.702932
-0.278161	1.394501	1.544606
0.269951	-0.550233	-3.253764
-0.130142	-0.122498	0.313127
-0.233931	0.410024	0.882852
0.035829	-0.629530	-2.326534
-0.182713	-0.633367	-1.219612
0.016361	-0.516587	-2.559074
-0.153275	0.032442	0.517505
-0.180827	-0.675817	-1.320954
-0.122394	-0.221748	0.146954
-0.183709	-0.603780	-1.135956
-0.279324	1.560966	1.657176
-0.176579	0.144929	0.629545
-0.246417	0.621955	0.928653
-0.186537	-0.552955	-0.812419
0.032597	-0.705310	0.646731
-0.176612	-0.692758	-1.382579
-0.123958	-0.123751	0.297342
-0.043812	-0.555439	1.073291
-0.196233	-0.731023	-1.235843
-0.041884	-0.291850	0.538461
-0.145687	0.022936	0.497187
-0.168798	0.128785	0.609816
-0.270700	1.797664	1.390114
-0.116323	-0.244542	0.097137
0.085794	-0.605496	-2.433852
-0.248982	1.653459	1.346295
-0.172007	-0.707485	-1.445512
-0.172321	-0.661139	-1.309333
-0.042844	-0.599721	1.101781
-0.247003	1.298645	1.405492
-0.139755	-0.726900	-1.870824
-0.220297	1.000646	1.051896
-0.231445	1.185658	1.252167
-0.078303	-0.138756	0.747661
-0.219063	1.522013	1.253712
-0.178509	-0.554573	-0.855349
-0.218050	0.990372	1.041933
-0.017306	-0.841385	1.012596
-0.154826	-0.470152	-0.503277
-0.284960	1.922852	1.667201
-0.120212	-0.074002	0.358035
-0.076974	-0.316412	0.154525
0.295755	-0.593003	-3.066479
-0.026750	-0.457788	0.981695
-0.188647	-0.674547	-1.034927
-0.057571	-0.622253	-2.219388
-0.066770	-0.695965	-2.080227
-0.182593	-0.793976	-1.571408
0.002906	-0.881852	0.940552
0.036871	-0.479185	-2.660655
-0.178718	0.879770	0.798416
-0.266162	1.902264	1.372504
0.191803	-0.583098	-2.668809
-0.184251	0.845270	0.795197
-0.168576	-0.530097	-0.788626
-0.117618	-0.524024	-0.309033
-0.119138	-0.528717	-0.321916
-0.015347	-0.335630	0.612288
-0.161011	-0.593402	-1.187743
-0.160603	-0.598968	-0.656714
-0.047434	-0.682630	-2.124837
-0.071483	-0.318246	0.139460
-0.033545	-0.270495	0.541650
-0.181742	-0.674943	-1.091607
-0.155953	0.999332	0.829628
-0.180046	-0.680824	-1.134390
-0.051067	-0.197798	0.759166
-0.009090	-0.345778	0.627042
0.017156	-0.889383	0.905564
0.019802	-0.493237	0.673166
-0.174625	1.393720	1.138676
-0.113586	-0.526384	-0.338588
-0.165020	1.349077	1.097399
-0.217332	0.707936	0.918221
-0.153817	1.274729	1.031948
0.029567	-0.494766	-2.604929
-0.065469	-0.351695	0.076133
-0.144129	1.026407	0.836501
-0.064059	-0.321741	0.117816
-0.016186	-0.440119	0.986662
-0.154325	-0.597485	-0.697282
-0.122456	-0.552974	-0.436763
0.041721	-0.465733	-2.685890
0.153027	-0.389303	-3.086448
-0.166508	-0.633973	-0.863028
-0.061814	-0.331576	0.098440
-0.147427	-0.659480	-1.390175
-0.234872	2.223098	1.249084
-0.156560	0.189530	0.623966
-0.060225	-0.292971	0.151065
-0.099611	-0.088887	0.290634
0.119388	-0.387612	-2.999787
-0.200988	0.785557	0.923488
0.198802	-0.576765	-2.671301
-0.132566	-0.447962	-0.543598
-0.142690	-0.667191	-1.433838
-0.194258	1.199637	1.247868
-0.228985	1.743163	1.398135
-0.057296	-0.193152	0.334315
-0.144801	-0.590423	-0.709609
-0.127067	1.053448	0.841056
-0.056542	-0.366597	0.022261
-0.147991	-0.767434	-1.763319
-0.098997	0.014024	0.773254
-0.162546	-0.712310	-1.296715
-0.161523	-0.773983	-1.634291
-0.159245	-0.673586	-1.200621
0.135372	-0.381642	-3.035921
-0.237545	1.859144	1.405825
-0.240669	1.970245	1.346831
0.213902	-0.408545	-3.194490
-0.197373	0.683060	0.897957
0.099245	-0.600798	-2.439499
0.007970	-0.332320	0.650818
0.135320	-0.585294	-2.520970
-0.047299	-0.300540	0.109591
-0.055085	-0.402422	-0.067416
-0.137125	1.375045	1.107352
-0.181250	1.241635	1.293071
-0.161948	0.298747	0.672033
-0.076486	-0.211999	0.048574
-0.101234	-0.533098	-0.456551
-0.097834	-0.684327	-1.973375
0.015992	-0.643136	-2.254416
0.182873	-0.572373	-2.624156
-0.211248	1.550879	1.630745
-0.136281	0.851437	0.748139
0.028533	-0.397974	0.690064
-0.124645	-0.481929	-0.786873
-0.009660	-0.552878	1.166808
-0.037110	-0.675294	-2.130211
0.000677	-0.435616	1.064450
0.084024	-0.799135	0.675404
-0.123283	-0.692666	-1.641467
-0.219846	1.860830	1.421425
0.078246	-0.885779	0.757175
-0.137566	-0.621357	-1.052708
-0.055472	-0.632603	-2.139858
-0.111291	-0.587329	-1.310019
-0.164892	0.784010	0.895834
-0.083690	-0.514549	-0.448900
-0.067367	-0.015718	0.782459
-0.224083	2.225772	1.507395
0.200067	-0.383349	-3.148002
-0.128703	-0.606933	-0.921386
-0.043582	-0.408658	-0.154556
-0.161666	0.492014	0.716506
0.003692	-0.649995	-2.218845
0.069751	-0.602971	0.716518
-0.205903	2.295098	1.386909
-0.105332	-0.656832	-1.577677
-0.136683	0.290465	0.633119
0.318595	-0.569331	-2.975897
-0.034427	-0.606679	-2.212561
-0.079843	-0.510845	-0.493067
-0.131758	0.990248	0.985239
0.012777	-0.422858	1.090683
-0.059082	-0.286704	-0.182041
-0.066016	-0.314717	-0.275550
-0.108864	0.844068	0.715528
-0.134050	-0.747079	-1.694994
-0.093668	-0.522873	-1.199419
0.276369	-0.435313	-3.244905
0.007149	-0.532895	1.201389
-0.213404	1.923221	1.627560
-0.107498	-0.686890	-1.702836
-0.120082	1.036217	1.017288
-0.124270	-0.694577	-1.447115
-0.016641	-0.321549	-0.011157
-0.060132	-0.020349	0.282904
-0.118100	1.114640	1.101477
-0.032929	-0.075383	0.797858
-0.116206	1.513519	1.228999
-0.202649	1.887902	1.611961
-0.090275	-0.462011	-0.925627
0.132614	-0.585695	-2.490026
-0.059427	1.236480	0.941985
-0.097607	-0.669933	-1.668173
-0.182883	1.813517	1.478959
-0.195463	1.944670	1.412018
0.053339	-0.372688	0.722640
0.021109	-0.276684	0.914977
0.071134	-0.481586	0.745239
-0.123080	0.835129	0.882818
-0.076990	-0.413565	-0.759552
0.256982	-0.554596	-2.767412
-0.190676	2.017410	1.341350
-0.072854	-0.593942	-1.489807
-0.046912	1.053652	0.769451
0.005750	-0.152170	0.538819
-0.108717	1.239121	1.251237
-0.073374	-0.663938	-1.954044
-0.191884	1.926356	1.597574
-0.088001	-0.679220	-1.846615
-0.141489	1.492326	1.561014
-0.090218	-0.672770	-1.735932
-0.049143	1.316610	1.008725
-0.027427	-0.418695	-0.326429
0.107363	-0.595994	-2.427599
-0.180425	1.911072	1.478685
0.354963	-0.533811	-3.136876
-0.062381	-0.391117	-0.767334
-0.032908	-0.266108	-0.265591
-0.063425	-0.508791	-0.688650
0.355350	-0.523489	-3.169201
-0.012088	-0.383817	-0.245178
-0.176943	1.906495	1.532226
-0.106002	1.335153	1.377098
-0.047025	-0.316058	-0.527365
-0.031175	1.025914	0.729634
0.001838	-0.565572	-2.289222
-0.054301	-0.418765	-1.018134
-0.087485	-0.624856	-1.350389
-0.053052	-0.366783	-0.739376
-0.030721	-0.269671	-0.324317
-0.050506	0.072323	0.800233
-0.042747	0.046565	0.801173
-0.139564	1.713934	1.519569
-0.018498	1.103089	0.783901
-0.024262	-0.052605	0.144330
0.006249	-0.096743	0.454422
-0.020933	1.046303	0.735083
-0.049368	-0.393981	-0.910642
-0.048128	-0.393508	-0.926953
0.097612	-0.846244	0.886363
0.115115	-0.705658	0.745753
-0.079323	1.252191	1.253651
-0.065082	-0.533906	-0.893275
-0.024202	-0.013700	0.196998
-0.065961	0.192457	0.468969
-0.012789	1.269418	0.938069
0.178821	-0.345639	-3.060240
0.048200	-0.377785	1.139035
-0.062898	-0.530185	-0.958869
-0.062042	1.013864	0.957097
-0.069283	-0.657284	-1.804050
-0.063263	1.185325	1.157244
0.209645	-0.551031	-2.645134
0.119614	-0.692891	0.756052
0.009234	-0.560434	-2.271039
-0.030147	-0.368914	-0.979701
0.018710	-0.146036	0.158994
0.005450	-0.074593	0.837627
-0.164176	2.221550	1.476877
-0.043978	-0.594567	-1.614892
-0.081746	0.341198	0.559154
0.010465	-0.058400	0.365876
-0.164371	2.036313	1.565560
-0.086605	1.628920	1.365949
-0.033188	-0.568854	-1.574771
-0.004228	0.995144	0.673943
-0.059087	0.229186	0.474082
0.127035	-0.801583	0.789002
-0.022502	-0.508470	-1.409235
0.047192	-0.168391	0.653071
-0.144022	2.268624	1.330971
-0.051002	1.245114	1.229685
-0.040362	1.047514	0.974166
-0.145515	2.267866	1.369386
-0.009041	0.008165	0.825994
0.061116	-0.331211	1.094708
-0.076658	0.376367	0.561680
0.060216	-0.405668	1.228282
-0.083912	1.514755	1.528163
-0.071060	0.344667	0.541458
-0.004112	-0.586098	-2.149482
0.067988	-0.432643	-2.590676
0.014328	-0.558686	-2.241846
0.023455	1.186095	0.822233
-0.009800	-0.235670	-0.570123
0.059911	-0.489328	1.293425
0.058609	-0.466420	-2.503311
-0.035590	1.182846	1.139055
-0.073872	0.403646	0.565631
0.155230	-0.334659	-2.985959
0.343562	-0.530350	-2.962273
-0.063533	0.324931	0.521263
0.217154	-0.341674	-3.107940
0.065621	-0.373372	1.196057
0.297612	-0.529926	-2.837897
-0.006995	-0.263141	-0.747125
-0.003739	-0.220583	-0.502330
0.025040	-0.045196	0.436477
-0.140004	2.066863	1.352521
-0.004437	-0.290843	-0.857806
-0.005217	-0.239928	-0.692580
-0.026249	1.506020	1.197607
0.114721	-0.481054	0.806023
0.066023	-0.448538	-2.536779
-0.002121	-0.290803	-0.874836
-0.005134	-0.444607	-1.271023
0.014867	-0.381607	-0.428249
0.038687	-0.140787	0.110129
0.038687	-0.140787	0.110129
-0.056931	0.309315	0.503784
-0.131732	2.241568	1.305511
-0.001534	-0.213566	-0.541102
-0.006411	0.886191	0.602095
-0.001918	0.905404	0.607674
-0.069131	0.551303	0.593510
-0.138880	2.030887	1.427110
-0.029355	0.787783	0.585495
0.064494	-0.573384	1.300944
-0.142374	2.048166	1.494504
-0.064756	0.586278	0.592456
-0.054947	0.658321	0.588818
0.128258	-0.585814	0.798929
0.026422	-0.038945	0.319229
0.349981	-0.449271	-3.208524
0.076213	-0.418240	-2.604845
-0.132460	2.251653	1.358538
0.064163	-0.613693	-2.309165
-0.128731	2.197267	1.287864
0.008684	1.408538	1.068228
-0.042124	-0.586243	-1.438106
-0.058386	0.262099	0.817009
-0.035105	-0.625773	-1.905461
-0.018753	-0.471530	-0.899360
0.003817	-0.403456	-0.615113
-0.135827	2.039481	1.461935
0.023846	-0.057292	0.862935
0.138413	-0.786060	0.818030
0.138413	-0.786060	0.818030
0.035254	1.065988	0.688165
0.017137	0.956662	0.618213
0.013756	-0.385011	-0.525057
0.028847	-0.629629	-2.226831
-0.127254	2.244719	1.345635
-0.009357	-0.448760	-0.814312
0.055453	-0.489293	-2.408473
0.038852	-0.073880	0.211433
0.082886	-0.236272	0.740531
0.363647	-0.464096	-3.188838
0.028698	0.993190	0.632097
-0.067961	-0.679143	-1.801359
-0.007508	-0.449562	-0.835133
-0.121854	2.216746	1.302267
0.145135	-0.570467	-2.486600
-0.134012	2.122127	1.482144
0.274900	-0.525244	-2.777170
0.055275	-0.275638	-0.158986
-0.005701	-0.449852	-0.855390
-0.010903	-0.562214	-1.640029
0.069315	-0.228394	1.012109
-0.004879	-0.450053	-0.872466
0.074672	-0.442569	-2.513515
0.371140	-0.508920	-3.059777
-0.126826	2.061717	1.451331
0.095135	-0.267026	0.768284
0.051856	1.095182	0.697728
-0.055415	0.712236	0.798408
0.031688	0.964069	0.605470
-0.003519	-0.446738	-0.985717
0.025267	-0.173279	-0.386412
0.058331	-0.284152	-0.199692
0.028793	-0.357618	-0.513316
0.059093	-0.613203	-2.289510
-0.013961	0.919625	0.850395
0.083676	-0.484573	1.335827
0.064272	-0.222044	-0.087415
0.076301	-0.234278	1.036460
-0.022213	0.705023	0.543724
-0.045671	0.491927	0.539580
0.045842	0.998143	0.615092
0.034061	0.937571	0.582546
0.088243	-0.338435	1.212557
-0.026180	0.292726	0.440256
-0.007400	0.126376	0.828597
0.004063	0.083261	0.836087
0.005448	-0.540615	-1.635351
-0.021936	0.279897	0.425657
0.033725	-0.397597	-1.287179
0.146609	-0.566087	-2.484268
-0.009031	-0.537129	-1.406604
-0.025027	0.803368	0.799193
-0.109695	2.175148	1.354558
-0.035240	0.408481	0.498972
0.067063	-0.120860	0.064626
-0.111732	2.117477	1.407104
-0.112826	2.141533	1.426481
0.041469	-0.533165	-2.209464
0.037509	0.912901	0.560166
0.053470	-0.613815	-2.268433
0.070542	1.082191	0.662097
0.095864	-0.374183	1.296203
0.078485	-0.457888	-2.424589
0.041886	-0.426496	-1.423936
0.064352	-0.123135	0.942242
0.022830	-0.399303	-0.946680
0.053549	-0.221139	-0.972537
0.370877	-0.499050	-3.030709
0.040750	-0.093717	-0.632895
0.030251	-0.378425	-0.834380
0.087151	-0.219961	1.057561
0.105172	-0.743154	1.189898
0.028877	-0.396613	-1.040432
-0.011338	0.305151	0.410908
0.218962	-0.315002	-3.071785
0.100738	-0.636420	1.293111
0.080872	-0.462655	-2.385585
-0.022424	-0.650103	-2.019695
0.035671	-0.373329	-0.949811
0.006943	-0.563201	-1.743873
0.003768	0.851911	0.797356
0.048339	-0.088613	-0.489284
0.300050	-0.359760	-3.160751
0.317509	-0.503700	-2.865556
0.053128	-0.063135	-0.647371
-0.005140	1.558295	1.470464
0.022347	1.560113	1.278935
-0.008705	0.592404	0.486519
0.100274	1.158325	0.708137
0.159569	-0.769514	0.906908
-0.016897	-0.599149	-1.640960
0.352130	-0.408097	-3.174088
-0.005878	0.758933	0.773996
0.042417	-0.411744	-1.154722
0.011891	0.265378	0.338451
0.098704	-0.586228	-2.359572
0.024928	-0.496650	-1.410949
0.081974	-0.232286	-1.064662
-0.031112	0.533489	0.795314
0.074796	-0.003493	0.543054
0.119386	-0.693147	1.242324
-0.014543	0.311742	0.826803
0.272516	-0.502141	-2.763382
0.359246	-0.489064	-2.971845
0.162852	-0.468494	0.873060
0.020466	0.832868	0.777189
0.178700	-0.298990	-2.956104
0.001633	0.436716	0.424371
0.302441	-0.496985	-2.825588
0.172229	-0.558680	0.866677
0.093099	-0.238606	-0.360910
-0.008200	-0.594496	-1.668160
0.121781	1.246616	0.782437
0.089465	-0.328331	-1.323952
0.035407	0.873642	0.784838
0.062265	1.010893	0.866668
0.046977	0.922368	0.806088
0.084549	0.013336	0.219928
0.081186	-0.061264	-0.285729
-0.014113	-0.636450	-1.968759
0.076419	-0.043541	-0.454761
0.043809	-0.521949	-1.785549
0.016268	0.372952	0.366417
0.025423	0.642221	0.424021
0.059346	0.953428	0.820677
0.051254	0.907711	0.792806
0.016260	0.545754	0.415224
0.087536	-0.211089	-0.738015
0.056255	-0.442504	-1.330287
0.311279	-0.347531	-3.144692
0.085665	0.013000	-0.613919
0.094481	-0.096884	1.007219
0.028079	0.338125	0.320566
0.322986	-0.484371	-2.870138
0.083879	0.063921	0.405659
0.100655	-0.197703	-0.494257
0.114055	-0.266433	-1.248179
0.117591	-0.235389	-1.190521
0.061057	0.758312	0.404622
0.280051	-0.317832	-3.112338
0.061645	-0.450394	-1.402394
0.144486	1.307875	0.830682
0.135096	1.377037	0.930937
0.080516	0.824055	0.418688
0.095888	0.028904	0.554642
0.030619	-0.535249	-1.596824
0.139137	-0.262036	1.263484
0.147786	-0.602488	1.339706
0.086270	-0.485350	-2.010357
0.112953	0.006792	-0.740301
0.123132	1.453803	1.042927
0.107481	-0.387555	-1.601194
0.110905	-0.145664	-0.535007
0.067970	0.066595	0.918944
0.131736	-0.237636	-1.241895
0.358313	-0.465194	-2.961991
0.074491	0.183423	0.092561
0.191257	-0.466646	0.910861
0.378710	-0.446628	-3.048494
0.129168	-0.419375	-2.257436
0.117809	-0.178536	-0.806533
0.099102	1.267745	1.208329
0.138930	-0.255950	-1.341731
0.139754	-0.251669	-1.331107
0.110907	1.132970	0.997086
0.094808	-0.448282	-1.766559
0.159366	-0.321563	1.403237
0.110536	-0.566774	-2.356079
0.144886	-0.156653	0.808113
0.167084	1.290708	0.783313
0.134530	-0.010000	-0.821761
0.100054	0.098126	0.398311
0.169715	1.245102	0.726302
0.106563	0.850075	0.392518
0.031533	0.656913	0.750710
0.155738	-0.335572	-2.569888
0.135753	0.017236	-0.781436
0.141362	-0.009950	-0.839980
0.132179	-0.166658	-0.861053
0.158649	-0.328593	-2.592600
0.127609	-0.081674	-0.593284
0.176016	-0.723638	1.143382
0.164568	-0.214593	0.856593
0.156270	-0.184030	-1.205146
0.173412	-0.294314	-2.778043
0.199904	-0.423378	0.926872
0.150423	-0.015669	-0.875370
0.159651	-0.179598	0.836400
0.105846	-0.019288	1.016227
0.186743	-0.729072	1.086249
0.120567	-0.331950	-1.226596
0.162849	-0.149369	-1.145341
0.148293	-0.147299	-0.336755
0.208854	-0.479933	0.931307
0.050901	0.240307	0.871616
0.133438	1.103760	0.938690
0.153852	-0.389316	-2.222689
0.146797	-0.537857	-2.437821
0.152487	-0.098043	-0.207416
0.168688	-0.154284	-1.180090
0.111391	0.119908	0.399902
0.129326	0.033159	-0.372965
0.077173	0.333273	0.165666
0.147816	-0.336325	-1.643081
0.119367	0.066319	0.562064
0.127784	0.059973	-0.241256
0.103927	0.193679	-0.023192
0.177487	-0.189184	-1.346670
0.151278	-0.032699	-0.104167
0.124454	0.098567	-0.173674
0.032881	-0.602546	-2.056259
0.212984	-0.689904	0.976523
0.150038	-0.394677	-1.999096
0.157285	-0.389221	-2.121487
0.374029	-0.400772	-3.076840
0.159096	0.981979	0.433555
0.181882	-0.289069	-2.738053
0.175246	-0.343530	-2.358582
0.154923	0.955298	0.410117
0.110427	0.194657	-0.043176
0.050058	-0.533424	-1.684958
0.152209	0.106864	-0.677872
0.171302	-0.363853	-2.229999
0.177284	-0.335681	-2.401374
0.136980	0.120436	-0.502092
0.173958	-0.357744	-2.253351
0.184080	-0.125521	-1.169758
0.161457	-0.320967	-1.670819
0.085877	0.358501	0.151049
0.108668	0.219090	-0.021175
0.168774	-0.200798	1.279139
0.135294	0.082387	-0.244485
0.152019	-0.381756	-1.892627
0.080944	0.476362	0.195447
0.080944	0.476362	0.195447
0.161884	-0.170511	1.232092
0.162847	-0.323302	-1.688735
0.189855	-0.621279	1.321054
0.094222	0.099937	0.958357
0.172459	-0.208181	1.297753
0.030307	-0.581313	-1.873124
0.144292	-0.307171	-1.242086
0.167840	-0.107202	-0.275181
0.157315	-0.247835	-1.119462
0.143153	-0.312752	-1.253241
0.276814	-0.460447	-2.756556
0.160341	-0.091228	-0.416453
0.234399	-0.481362	-2.650112
0.162083	-0.098839	-0.399774
0.196493	-0.163807	-1.386109
0.089641	0.582093	0.212155
0.197769	1.388956	0.876083
0.141153	0.082907	0.093639
0.153824	0.023285	-0.030514
0.127851	0.803235	0.285751
0.156760	-0.136733	1.191332
0.182931	-0.299844	-2.625977
0.169827	-0.096604	-0.259996
0.123948	0.149290	0.328345
0.158648	1.520969	1.140820
0.202466	-0.349317	1.491265
0.199656	-0.172170	-1.432237
0.156090	0.022659	-0.048503
0.374368	-0.405160	-3.047254
0.124902	0.142006	0.412311
0.166826	-0.220768	-1.087016
0.144838	-0.321500	-1.283854
0.179349	1.026193	0.450943
0.341419	-0.439639	-2.907171
0.129260	0.147551	0.265133
0.157617	1.179548	1.063753
0.147565	-0.083053	1.131040
0.150074	0.990231	0.785658
0.172473	-0.067400	-0.770453
0.065482	-0.585988	-2.161879
0.205169	-0.126674	-1.300128
0.096576	0.127973	0.953880
0.207825	-0.124163	-1.316934
0.040448	-0.567107	-1.841042
0.072470	-0.581622	-2.182831
0.130907	0.134203	0.460077
0.200926	1.120437	0.538557
0.097444	0.428245	0.133304
0.112230	0.663785	0.195895
0.124448	0.864941	0.720946
0.086875	-0.475396	-1.606983
0.155275	0.078539	0.015648
0.086782	-0.572174	-2.225292
0.176128	-0.226230	-1.125372
0.367277	-0.414094	-2.993700
0.066198	-0.518661	-1.698376
0.162829	-0.291580	-1.261087
0.100979	0.767730	0.717137
0.189098	-0.500929	-2.521633
0.189356	-0.322246	-1.898859
0.164828	1.260966	1.194775
0.157615	-0.520082	-2.434614
0.137093	0.137815	0.478399
0.201583	-0.234316	1.408691
0.153366	0.833238	0.263030
0.349596	-0.425746	-2.926560
0.047246	-0.564168	-1.872752
0.178200	0.016111	-0.591330
0.100809	-0.455024	-1.586273
0.167606	-0.292157	-1.277718
0.154614	1.541874	1.326087
0.208021	-0.264515	-2.769680
0.217301	-0.580456	1.373200
0.074753	-0.575853	-2.159557
0.218759	-0.206385	-1.636487
0.197474	-0.165614	0.881065
0.218216	-0.217730	-1.670878
0.219802	-0.590735	1.359219
0.102494	-0.457368	-1.601529
0.234011	1.338507	0.762911
0.100587	0.192791	0.942181
0.203431	-0.042488	-0.842055
0.236080	1.269788	0.682627
0.153687	0.166822	0.107271
0.207131	-0.104725	-0.963665
0.185611	-0.497945	-2.496686
0.239477	-0.034482	-1.220488
0.146092	0.192061	0.316578
0.237640	-0.159977	-1.613769
0.242871	-0.376035	0.979186
0.246395	-0.115461	-1.542941
0.234114	1.201759	0.600370
0.106277	-0.456668	-1.614447
0.267752	-0.248133	-3.005779
0.194478	-0.003115	-0.231578
0.126571	0.472460	0.055417
0.076300	0.442803	0.838032
0.264748	-0.244478	-2.995663
0.144947	0.680854	0.112113
0.255297	-0.090386	-1.527664
0.221404	-0.252193	-2.782357
0.227711	-0.279660	-2.319720
0.218385	1.071059	0.445449
0.316844	-0.281497	-3.069157
0.094188	0.630855	0.750607
0.260830	0.007610	-1.273595
0.069353	-0.567741	-2.067021
0.221012	1.506900	1.030705
0.175791	-0.314110	-1.376951
0.245094	-0.248052	-2.105871
0.137311	0.515293	0.043025
0.074478	-0.565285	-2.087113
0.263563	-0.237581	-2.976730
0.233075	-0.243880	0.949366
0.182516	0.261942	-0.434811
0.198770	1.276271	1.219633
0.223406	1.056689	0.419136
0.142574	0.458440	-0.000760
0.201871	0.921136	0.283664
0.213404	-0.215959	-1.222728
0.121210	-0.441562	-1.615606
0.075035	-0.533254	-1.850074
0.159636	0.213999	0.366182
0.336666	-0.407885	-2.880275
0.219990	0.053306	-0.658878
0.175197	-0.332260	-1.429685
0.227051	0.034943	-0.727749
0.284122	0.120633	-1.196899
0.156128	0.562197	-0.030450
0.169348	0.125500	0.600682
0.231771	-0.160851	-1.131787
0.198220	1.475926	1.352455
0.177250	0.080080	0.674519
0.238235	-0.212379	0.947314
0.299141	0.049183	-1.449599
0.149666	0.102027	1.059663
0.221839	-0.135305	1.350659
0.303731	0.092338	-1.385007
0.177732	0.005556	1.156483
0.288830	-0.241061	-3.001534
0.294074	0.231416	-1.110054
0.208683	1.438298	1.341145
0.126793	0.685737	0.731477
0.295848	-0.087214	-1.806206
0.179965	0.234284	0.057163
0.191013	0.036353	0.745264
0.134588	0.195428	0.991640
0.173001	0.542237	-0.105543
0.243042	-0.160886	-1.163926
0.192595	0.888651	0.689577
0.174422	0.469927	-0.137117
0.215576	0.101130	-0.229347
0.208967	0.837982	0.150551
0.237032	0.302017	-0.635127
0.179009	0.428256	-0.164543
0.317221	0.215017	-1.244491
0.229422	0.129128	-0.520250
0.299561	-0.126581	-1.972488
0.247431	1.069375	0.402104
0.212356	0.835332	0.140012
0.318198	0.287568	-1.170859
0.203799	0.360002	-0.361737
0.327751	0.162534	-1.391913
0.225923	1.405553	1.325180
0.184766	0.520458	-0.141577
0.199163	0.700982	-0.045431
0.325834	0.244450	-1.245877
0.190356	0.585867	-0.120936
0.311418	-0.096995	-1.954518
0.268527	-0.041600	-0.973186
0.326536	0.312126	-1.175262
0.264482	-0.111516	-1.102641
0.180785	0.308947	0.189565
0.275484	-0.624808	1.235447
0.274325	1.270720	0.608464
0.281251	1.470919	0.882511
0.214241	-0.285324	-1.406658
0.266325	-0.213485	-2.862043
0.283490	-0.623895	1.146615
0.294935	-0.484972	1.470191
0.261943	0.376187	-0.668046
0.200794	0.081333	0.717193
0.305546	0.373803	-0.934635
0.258328	0.404172	-0.628329
0.247566	0.422803	-0.552828
0.229864	0.148126	-0.250772
0.271880	-0.225916	-2.436859
0.246797	0.454486	-0.528602
0.187592	0.281275	0.332005
0.344565	0.323945	-1.230157
0.350624	0.253674	-1.355660
0.230173	0.529796	-0.378522
0.273945	1.252942	0.571700
0.251034	0.528049	-0.511523
0.229027	0.590053	-0.319492
0.328870	0.410544	-1.039555
0.112128	-0.524958	-2.075902
0.250118	0.588776	-0.455578
0.236584	0.627416	-0.324008
0.320821	-0.112903	-2.062418
0.191271	0.329887	0.221508
0.289386	-0.296644	1.023612
0.276942	0.098764	-0.723028
0.237500	0.678811	-0.240688
0.232976	0.723905	-0.119204
0.130676	0.441796	0.884346
0.344886	0.426350	-1.097493
0.230186	-0.011815	0.839705
0.297439	1.488574	0.887687
0.271645	0.637507	-0.496856
0.140017	-0.448006	-1.727267
0.205015	-0.327534	-1.503201
0.256830	0.922882	0.214156
0.241593	0.773761	-0.031915
0.237749	-0.028465	0.859379
0.279483	1.275126	0.572775
0.198903	0.300994	0.348288
0.268934	0.677296	-0.400778
0.308865	0.594950	-0.721322
0.363352	0.053169	-1.849183
0.238454	-0.264406	-1.413295
0.374308	0.334438	-1.344542
0.156065	-0.423994	-1.685546
0.254690	0.860523	0.120021
0.286347	-0.399044	-2.691852
0.211993	0.329702	0.083405
0.265931	0.936276	0.223953
0.288608	1.344240	0.640939
0.282478	1.219660	0.510995
0.286866	1.339800	0.633087
0.206141	0.229911	0.522677
0.254162	0.794788	-0.015313
0.250676	-0.049204	0.888531
0.370047	0.053923	-1.880014
0.346966	0.537718	-0.939709
0.210947	0.191658	0.599236
0.339222	0.558754	-0.867806
0.384150	0.369050	-1.333298
0.281307	1.022589	0.317286
0.363800	0.491617	-1.065390
0.127846	-0.499206	-1.987040
0.276030	1.373107	1.308057
0.293656	0.164608	-0.635409
0.296795	1.376320	0.666992
0.307093	1.538348	0.978290
0.209940	0.286662	0.433749
0.209966	0.320241	0.361154
0.301390	-0.119815	-1.198854
0.394590	0.321539	-1.459990
0.317197	-0.595467	1.241996
0.316024	1.402211	0.716562
0.180014	-0.391471	-1.647934
0.275202	0.746233	-0.203307
0.277373	0.742935	-0.220472
0.348818	-0.346278	1.565884
0.272869	0.782897	-0.094984
0.346279	0.601708	-0.816192
0.292857	-0.387299	-2.687447
0.144273	-0.493143	-2.086105
0.229854	-0.435305	-2.471858
0.344222	0.622914	-0.773014
0.326613	-0.171779	1.562361
0.403627	0.277439	-1.578132
0.356431	0.584658	-0.867989
0.326777	-0.158916	-2.291623
0.285826	0.744791	-0.230380
0.206900	0.148567	1.147828
0.357181	-0.318502	-2.915497
0.406566	0.265199	-1.616963
0.356504	-0.073479	-2.101551
0.343621	-0.505286	1.442122
0.398363	0.465595	-1.229873
0.299257	1.135480	0.992372
0.296167	1.249764	0.514731
0.327034	-0.164704	-2.329587
0.331751	0.675030	-0.591367
0.180901	-0.469885	-2.251500
0.335844	0.012627	-0.995305
0.408034	0.203380	-1.740184
0.300417	1.047528	0.329003
0.257161	-0.409863	-2.547841
0.290026	-0.055126	1.427744
0.295400	1.239598	1.210741
0.222036	0.309874	0.433452
0.299061	0.739847	-0.274938
0.222909	-0.437700	-2.419192
0.276310	-0.392929	-2.613388
0.329475	0.688618	-0.544119
0.228861	-0.433026	-2.440111
0.289938	0.780154	-0.125269
0.376552	-0.011632	-2.029329
0.376552	-0.011632	-2.029329
0.306095	-0.196482	-2.569662
0.334853	-0.046077	-1.100566
0.415095	0.405245	-1.386023
0.305923	1.079697	0.357430
0.175237	0.593388	0.812760
0.322115	0.181080	-0.658345
0.418382	0.358071	-1.481528
0.226807	0.279395	0.497636
0.303280	1.430807	1.310266
0.243969	-0.292783	-1.507410
0.317805	-0.186083	-2.466751
0.296173	-0.376905	-2.669226
0.301598	0.970821	0.240587
0.393235	0.049570	-1.962474
0.346431	0.675248	-0.609040
0.309886	1.098622	0.372512
0.307493	1.379272	1.305299
0.346588	-0.553528	1.169827
0.421624	0.246554	-1.712033
0.423324	0.401682	-1.422649
0.311342	1.122600	0.393222
0.358700	-0.509632	1.430325
0.342637	-0.046350	-1.113210
0.301453	1.296320	0.539772
0.298197	0.866813	0.084718
0.348523	-0.560295	1.190088
0.301247	0.897040	0.134301
0.424661	0.241747	-1.729818
0.378462	-0.298139	1.585640
0.386414	0.608289	-0.886797
0.272921	0.316293	-0.182017
0.319070	-0.179933	-2.853212
0.310499	1.222491	0.476162
0.283889	-0.381604	-2.607041
0.335860	-0.251728	1.064733
0.336614	-0.164249	-2.388506
0.307235	0.274100	-0.434521
0.286145	-0.225174	-1.425454
0.345321	0.168748	-0.715618
0.360238	-0.267935	-2.929373
0.169033	-0.463710	-2.038480
0.312958	0.272976	-0.452886
0.305776	0.950831	0.649702
0.313053	0.787899	-0.122769
0.304755	-0.191596	-1.369229
0.363819	-0.435271	1.131671
0.321893	1.353966	1.298925
0.261543	-0.277223	-1.508886
0.371367	-0.512172	1.418631
0.246182	0.420974	0.252077
0.438634	0.430079	-1.414298
0.365071	-0.507518	1.162517
0.302543	-0.200758	-1.394079
0.311392	0.291510	-0.400128
0.387068	-0.232874	1.597809
0.285095	0.334911	-0.180893
0.371751	-0.530900	1.381054
0.370954	0.083481	-0.920416
0.429524	0.546010	-1.140076
0.332948	1.417484	1.299203
0.373339	0.059178	-0.964552
0.329744	1.158099	1.079797
0.424034	0.120062	-1.911987
0.443191	0.255154	-1.752631
0.430253	0.562748	-1.092851
0.328015	0.969763	0.219409
0.425125	0.587971	-1.015274
0.185253	-0.429738	-1.892988
0.332224	1.202997	1.180880
0.251437	0.293706	0.535606
0.334929	-0.170339	-2.814422
0.397169	0.666000	-0.717334
0.407826	-0.403373	1.534900
0.323284	-0.000621	1.450179
0.339195	-0.172148	-2.844974
0.345242	1.391966	1.295575
0.204501	0.393886	1.005302
0.357573	1.530809	1.167818
0.380869	0.704876	-0.535131
0.333327	0.897825	0.113581
0.256120	0.356110	0.459477
0.458214	0.297778	-1.717597
0.206923	0.569456	0.862983
0.383854	-0.014190	-1.105956
0.339618	0.811963	-0.066652
0.367934	1.562849	1.068307
0.343515	1.067645	0.318393
0.346423	1.219579	1.211102
0.462311	0.291680	-1.735567
0.281652	0.440098	0.116200
0.263090	0.407771	0.407353
0.332462	1.292586	0.505098
0.366503	-0.251230	-2.871892
0.451881	0.584772	-1.067616
0.391234	-0.019846	-1.126148
0.396270	-0.105900	1.597052
0.229267	0.653223	0.802712
0.313048	0.005769	0.932999
0.433057	-0.275222	1.591746
0.362617	1.117293	0.967562
0.212031	-0.410913	-1.963452
0.401974	0.006687	-1.088665
0.287419	-0.266939	-1.554659
0.371891	-0.200125	1.088293
0.278599	0.175984	1.252353
0.291012	0.462377	0.151307
0.219546	0.475400	0.968025
0.418352	-0.013664	-2.096189
0.374417	1.369603	1.287591
0.295728	0.123426	0.819849
0.443457	-0.249805	1.598850
0.370173	1.126353	1.011617
0.487718	0.418715	-1.543708
0.407969	1.524899	0.887966
0.442212	0.659084	-0.765859
0.438717	-0.446919	1.477254
0.442357	0.065279	-2.003729
0.473348	0.596727	-1.052933
0.411902	0.713837	-0.483127
0.275271	0.744472	0.716220
0.233031	-0.390533	-1.977352
0.426014	0.061151	-1.017934
0.418582	0.193514	-0.753765
0.354703	-0.165722	-1.420421
0.294067	0.771722	0.666103
0.384338	1.010801	0.662991
0.311749	0.472524	0.116566
0.310279	0.123496	0.839210
0.484722	0.256630	-1.790596
0.417311	1.546502	0.988539
0.343446	-0.002369	0.976340
0.369338	1.177464	0.395355
0.349047	-0.297241	-2.656218
0.335897	0.845390	0.595007
0.334786	0.428801	-0.064734
0.471886	-0.351904	1.555596
0.337948	0.424386	-0.079556
0.472434	-0.257712	1.593555
0.293556	0.312717	0.604832
0.342964	0.420006	-0.097441
0.367965	1.439213	0.633421
0.301327	0.235102	0.725057
0.514109	0.505448	-1.393180
0.349345	0.123149	1.408276
0.394912	0.796974	-0.109759
0.351584	0.415346	-0.123214
0.357458	-0.285094	-2.648787
0.492191	0.634570	-0.930536
0.328320	-0.229625	-1.568109
0.316086	0.519308	0.300408
0.376967	-0.241803	-2.742573
0.434075	0.247247	-0.650651
0.445972	1.487595	0.805106
0.443346	1.467793	0.756279
0.448858	1.502660	0.854529
0.404375	1.135961	1.072509
0.410986	0.325337	-0.456733
0.274118	-0.348254	-1.986754
0.352337	-0.197754	-1.529672
0.282240	0.346883	1.154645
0.371276	-0.010698	1.014629
0.261136	0.506052	0.996066
0.446424	0.244781	-0.662577
0.401939	0.885069	0.064584
0.370867	1.379675	0.536529
0.308617	-0.337984	-2.260073
0.335020	-0.313991	-2.425150
0.393147	0.927667	0.580669
0.488784	-0.139836	1.619079
0.369346	0.147295	1.425560
0.402946	1.052273	0.261998
0.481598	0.669155	-0.642030
0.376744	1.369141	0.523751
0.380499	1.413872	0.582548
0.422314	1.117657	1.020221
0.405132	1.080963	0.288441
0.391113	-0.216610	-2.697058
0.273108	0.522553	0.995777
0.324795	0.251302	0.744447
0.313786	0.302314	1.232200
0.338962	0.767920	0.634546
0.344614	0.552636	0.279041
0.328593	-0.317031	-2.272926
0.407843	1.097763	0.302161
0.344849	0.556135	0.293836
0.473921	-0.352563	1.232329
0.308623	0.333842	1.204430
0.345039	0.559615	0.308809
0.392110	-0.009171	1.035914
0.406555	0.923594	0.570298
0.452456	-0.044360	-1.267916
0.327692	0.277811	0.719440
0.315452	0.324406	1.220828
0.438438	0.765704	-0.192525
0.334494	0.273387	1.282354
0.451247	1.347897	1.253371
0.491182	0.133702	-0.930524
0.415376	-0.154416	-2.408316
0.367468	0.503683	0.076668
0.414394	1.102251	0.301686
0.391357	0.014412	1.021999
0.327617	0.450178	0.513491
0.441870	1.035345	0.699281
0.415905	-0.060812	1.082203
0.487146	-0.372266	1.252671
0.356739	-0.211211	-1.654866
0.327617	-0.304417	-2.109199
0.474400	0.032889	-1.986717
0.442235	-0.076968	-1.360312
0.313438	0.365885	1.189536
0.359575	0.569466	0.275846
0.289495	0.534818	1.003892
0.377973	0.496511	0.038833
0.291591	0.577985	0.958025
0.357555	0.164545	0.866956
0.313741	0.694880	0.810762
0.355754	0.582228	0.355707
0.353749	-0.220293	-1.720055
0.383112	0.206253	1.406478
0.450021	1.089290	0.907337
0.332304	-0.267146	-1.866233
0.445359	-0.078296	-1.379342
0.428897	0.387724	-0.295953
0.403724	1.401479	0.567970
0.372313	0.547680	0.180827
0.502207	1.468088	0.833906
0.334851	-0.273957	-1.938070
0.437630	0.121138	1.539476
0.377409	0.529390	0.127936
0.339183	-0.278017	-2.009531
0.497962	1.496197	0.951406
0.392694	0.482254	-0.016405
0.451641	1.112445	1.021349
0.520976	0.187403	-1.804781
0.498647	0.033572	-1.140251
0.412372	-0.194318	-2.534340
0.362250	0.185824	0.855212
0.456982	-0.056401	-2.087619
0.549761	-0.235297	1.584826
0.417519	-0.183492	-2.525703
0.345547	0.513946	0.492543
0.475131	0.006480	-1.987150
0.557228	0.623360	-0.958375
0.429148	-0.111352	-1.484411
0.495294	1.418279	0.686232
0.497051	0.082254	-1.894426
0.426818	-0.115457	-1.500412
0.419320	-0.183607	-2.424048
0.373810	0.605713	0.336699
0.490493	0.284473	-0.588845
0.428539	1.154089	0.338211
0.426553	-0.117303	-1.517725
0.457435	0.789773	-0.109323
0.450734	0.832782	-0.019826
0.450734	0.832782	-0.019826
0.407541	0.472842	-0.052675
0.374843	-0.256068	-2.191660
0.533530	0.209987	-1.770682
0.467345	-0.056668	-1.372641
0.498565	-0.252710	1.223101
0.355088	0.544524	0.487120
0.441552	-0.124216	-2.189095
0.389915	0.551962	0.161607
0.376422	0.617879	0.380643
0.507526	0.100588	-1.854812
0.535538	-0.428694	1.384300
0.463026	0.370440	-0.363572
0.523329	0.073314	-1.078533
0.415862	0.471418	-0.063063
0.315305	0.564794	1.003874
0.402655	0.093784	0.979464
0.407821	0.502686	0.015737
0.504313	0.281182	-0.600155
0.385923	0.626229	0.347745
0.472078	1.018820	0.650364
0.470520	0.364541	-0.382328
0.386773	0.158669	0.908722
0.434630	-0.148853	-2.178621
0.378600	-0.207478	-1.827844
0.408036	0.806821	0.529270
0.449058	1.369144	0.579788
0.587259	0.447011	-1.481760
0.404397	-0.199986	-2.100919
0.534401	0.097324	-1.037574
0.400871	-0.192270	-2.009228
0.452075	1.045809	0.223906
0.400084	-0.168766	-1.750707
0.523075	0.128583	-1.804094
0.382843	0.202980	0.867424
0.390256	0.747724	0.567069
0.395466	-0.189125	-1.887790
0.395284	0.749505	0.548059
0.437886	-0.116438	-1.957510
0.419478	-0.150741	-1.929945
0.400101	0.650363	0.358913
0.419253	-0.150942	-1.911495
0.479708	0.376462	-0.350774
0.456406	-0.013994	1.100118
0.426264	-0.129557	-1.706373
0.554362	-0.395694	1.348635
0.404869	0.733927	0.495888
0.366655	0.383858	0.666401
0.479192	0.808141	-0.059767
0.379583	0.274166	0.803003
0.371750	0.526670	0.549727
0.444561	1.369614	0.543580
0.427472	-0.141929	-1.878828
0.371159	0.483838	0.578410
0.495712	1.347106	0.586192
0.499659	1.191734	1.217999
0.528263	0.014980	-1.289187
0.530872	1.370249	1.175906
0.467126	-0.061539	-1.858634
0.441366	-0.113559	-1.753972
0.508544	0.741419	-0.228845
0.546760	0.255748	-0.665834
0.576882	-0.385720	1.385935
0.396205	0.709848	0.601985
0.454646	-0.095009	-1.842211
0.607634	-0.283519	1.529912
0.419734	0.161423	0.946923
0.533778	1.363700	0.623931
0.506422	1.034662	0.706004
0.549255	0.040868	-1.243626
0.626841	0.560092	-1.213498
0.495617	-0.009173	-1.804103
0.532410	0.319651	-0.497887
0.431552	0.696748	0.368174
0.508046	1.014116	0.637352
0.439027	0.755682	0.436929
0.440974	0.551238	0.099204
0.395552	0.402628	1.292497
0.570009	0.078032	-1.151588
0.476388	0.451896	-0.149431
0.515882	1.090636	0.985489
0.591210	0.638053	-0.662857
0.619454	0.610727	-0.890015
0.624820	0.402605	-1.495278
0.632788	0.450212	-1.432800
0.529941	0.736491	-0.229657
0.576931	1.373787	0.698636
0.590154	0.202032	-0.841857
0.583835	1.380766	0.732053
0.473300	1.210463	0.361237
0.388283	0.483881	1.200143
0.504885	0.422532	-0.230283
0.629677	-0.309766	1.473281
0.456865	0.565405	0.117439
0.538203	0.030282	-1.571258
0.518837	0.977180	0.571301
0.508161	0.905704	0.083772
0.560556	0.318960	-0.495175
0.384602	0.564618	1.097207
0.416172	0.662225	0.625129
0.652196	-0.234823	1.538437
0.488002	0.485112	-0.064697
0.566813	0.069092	-1.497077
0.590941	1.350986	0.665551
0.647250	0.598538	-0.903175
0.585619	0.094454	-1.409883
0.581546	1.336639	0.624016
0.546147	1.068314	0.885272
0.467922	0.160169	1.005008
0.620327	0.188491	-0.911341
0.618785	0.210142	-0.846877
0.622177	0.183080	-0.926221
0.605149	1.351934	0.698023
0.586597	0.683033	-0.404146
0.620292	0.130445	-1.145851
0.559933	0.363586	-0.382862
0.562286	1.156393	1.163063
0.407038	0.673611	0.947361
0.551365	1.292135	0.549471
0.595965	-0.146410	1.267254
0.665168	0.399224	-1.433366
0.536409	0.834654	0.000302
0.503278	1.172053	0.327260
0.553294	1.285837	0.543516
0.429402	0.402618	0.768244
0.640070	0.156446	-1.130644
0.552000	0.405255	-0.268360
0.572624	1.123366	1.113649
0.628437	1.344219	0.742024
0.690494	0.563498	-1.119756
0.437265	0.628463	0.660395
0.638222	-0.215763	1.328076
0.513562	0.831465	0.438078
0.511534	0.816861	0.425505
0.498115	0.576813	0.122687
0.435190	0.516128	0.690457
0.437620	0.445842	0.746043
0.692200	-0.229398	1.493474
0.660314	0.188313	-1.133837
0.578954	1.058121	0.867695
0.571750	1.271374	0.537643
0.630046	0.281676	-0.601636
0.630046	0.281676	-0.601636
0.626728	1.308658	1.106518
0.441640	0.463297	0.739970
0.591130	1.124029	1.112992
0.545827	0.334895	1.572504
0.448320	0.623623	0.684388
0.631121	0.666873	-0.450588
0.460322	0.505733	1.293334
0.644003	1.320886	0.711608
0.672910	0.211318	-0.992612
0.574151	0.993906	0.606320
0.452146	0.545633	1.227925
0.547484	0.466496	-0.114222
0.575759	1.260191	0.528056
0.709881	-0.210490	1.494173
0.671389	0.241309	-0.842638
0.516803	0.566546	0.101745
0.546502	0.886463	0.478830
0.693950	0.312966	-1.316949
0.533873	0.512830	-0.003800
0.688956	0.238898	-1.097191
0.487042	0.480213	1.372916
0.487042	0.480213	1.372916
0.714096	-0.212152	1.477468
0.450903	0.673745	0.996662
0.544715	0.136815	1.102447
0.567003	1.244512	0.507485
0.612599	0.358031	-0.383381
0.612599	0.358031	-0.383381
0.716886	0.414867	-1.253853
0.545424	0.497829	-0.035518
0.725380	0.524055	-1.102246
0.707195	0.320566	-1.219062
0.686994	0.615697	-0.667548
0.706213	0.302738	-1.177126
0.696641	0.247288	-0.995483
0.540278	1.133499	0.292264
0.701475	0.264697	-1.077097
0.536843	0.533725	0.038994
0.703942	0.274873	-1.096747
0.699898	-0.208201	1.389684
0.669581	0.275078	-0.659469
0.719276	0.541194	-0.907119
0.733689	0.511062	-1.157480
0.580009	0.440488	-0.173275
0.580009	0.440488	-0.173275
0.634995	1.176793	1.138033
0.735431	0.505715	-1.139354
0.534857	1.295231	0.441308
0.699608	0.608484	-0.689643
0.534612	1.281569	0.402481
0.736217	0.499822	-1.119207
0.535746	1.294912	0.433588
0.737119	0.493358	-1.097370
0.567490	0.977520	0.148072
0.715802	0.565633	-0.786549
0.746916	-0.076708	1.566653
0.587846	0.823898	-0.006036
0.514320	0.497690	1.408764
0.706998	0.279617	-0.833594
0.563337	1.047327	0.209756
0.738123	0.400345	-1.136861
0.714926	0.291002	-0.870671
0.617262	1.028593	0.754407
0.604491	0.984157	0.603049
0.588291	0.456182	-0.131470
0.671902	1.273554	0.658359
0.523288	0.290411	0.973835
0.740961	0.478454	-0.933979
0.566888	1.226232	0.468540
0.583318	0.154206	1.129574
0.757914	-0.025435	1.576870
0.560111	1.139906	0.294207
0.701950	-0.102599	1.332837
0.549603	0.727504	0.332164
0.631278	1.040603	0.851434
0.494590	0.635204	1.141342
0.495403	0.654724	0.778949
0.735123	0.346392	-0.844343
0.706018	0.309164	-0.637332
0.567305	0.546886	0.067627
0.501147	0.659523	0.793325
0.574116	1.222749	0.454157
0.507815	0.632726	1.166912
0.733162	0.581986	-0.659894
0.601631	0.896708	0.078543
0.509218	0.650909	1.128308
0.518176	0.413180	0.895367
0.579685	0.537634	0.051024
0.761882	0.089747	1.599960
0.753228	0.461263	-0.778364
0.583588	1.209822	0.450297
0.652494	1.036996	0.862006
0.581080	0.489909	1.567729
0.588895	0.480726	1.587993
0.528138	0.625126	1.214675
0.662530	0.724326	-0.212718
0.571018	0.696653	0.296048
0.545921	0.366143	0.955157
0.519922	0.521601	0.845263
0.758144	0.498675	-0.692750
0.731679	0.366444	-0.570835
0.752426	0.406523	-0.668068
0.630089	0.936603	0.555493
0.606312	0.854022	0.460870
0.581369	0.658019	0.242435
0.666996	0.739219	-0.166461
0.672048	1.029151	0.855160
0.641757	0.194781	1.162658
0.821700	0.018326	1.566473
0.734510	0.662897	-0.446179
0.763332	0.218201	1.624414
0.539536	0.574057	0.857529
0.719695	0.394134	-0.404977
0.619434	1.161680	0.447995
0.594783	0.694479	0.293866
0.664223	0.434659	1.671987
0.757988	0.517935	-0.527967
0.567233	0.656581	1.199654
0.575130	0.631311	1.273323
0.774109	0.241765	1.631006
0.668963	0.973729	0.635993
0.644849	0.905229	0.537695
0.617432	0.799428	0.421274
0.841434	-0.063710	1.464835
0.611845	1.223526	0.385523
0.664445	0.475455	-0.096152
0.680736	1.155049	0.510645
0.635302	1.143218	0.443494
0.755591	1.183584	0.963070
0.762051	1.208250	0.886681
0.733083	1.187963	0.627726
0.752129	0.490013	-0.407409
0.640328	0.542680	0.054162
0.809451	-0.003203	1.366547
0.640139	1.011328	0.172132
0.616711	0.671479	0.263363
0.644591	0.989054	0.148179
0.574446	0.606189	0.902080
0.636445	0.563802	1.637234
0.580766	0.664846	0.924274
0.627129	0.595231	1.518255
0.627199	0.600752	1.494661
0.753431	1.110864	0.990527
0.737029	0.503086	-0.292798
0.713869	1.006774	0.808653
0.692657	0.488245	-0.115626
0.619191	0.637352	1.326278
0.753558	1.088542	0.977833
0.646925	0.580089	1.641372
0.632782	0.389271	1.044223
0.632782	0.389271	1.044223
0.658702	0.981359	0.138542
0.757027	1.174039	0.664615
0.763305	1.177747	0.694807
0.596392	0.563876	0.941133
0.652604	1.029896	0.193108
0.640271	1.181726	0.382956
0.647097	1.136343	0.411460
0.781378	1.176016	0.862204
0.635147	0.683237	0.281313
0.704723	0.267424	1.182189
0.724452	1.135643	0.548363
0.750831	0.553701	-0.275529
0.745980	0.545937	-0.255793
0.720878	0.517464	-0.162344
0.730090	0.456570	1.732953
0.633250	0.435961	1.024071
0.740298	0.701517	-0.206418
0.744176	1.023900	0.889346
0.654076	0.603081	0.152643
0.613138	0.553794	0.964749
0.709209	0.291909	1.174334
0.741427	0.704403	-0.186886
0.789841	1.162940	0.811000
0.857639	0.259473	1.639253
0.665938	0.592716	0.123391
0.639117	0.694770	1.169483
0.717036	0.550467	-0.088727
0.665803	0.629385	1.462745
0.690741	0.561056	0.025116
0.660265	0.772838	0.417242
0.744952	0.706945	-0.164587
0.680111	0.582200	0.085535
0.766990	0.644945	-0.242952
0.601923	1.343501	2.448759
0.673423	0.607351	0.142180
0.690139	0.583331	1.772469
0.666315	1.140866	0.378850
0.703620	1.091411	0.472177
0.793333	1.085702	0.912281
0.639130	0.641863	0.995790
0.617945	1.407854	2.429765
0.725435	0.587978	-0.054123
0.791645	1.135891	0.706613
0.689385	0.413898	1.095088
0.780718	0.458493	1.763704
0.685969	0.652362	1.390227
0.732551	0.344424	1.171409
0.675986	1.143093	0.318175
0.710090	0.581166	1.829407
0.711528	0.853107	0.063195
0.894647	0.293688	1.656470
0.683908	1.102879	0.386349
0.949874	0.058047	1.472898
0.656631	1.606155	2.372322
0.715288	0.593695	1.843820
0.762382	0.642363	-0.122094
0.732174	0.562026	1.863415
0.612396	1.108216	2.534834
0.740061	0.922345	0.648088
0.708431	0.661141	1.390963
0.781158	1.092949	0.609448
0.721958	0.606091	1.855516
0.677906	0.583812	1.038284
0.779598	1.085820	0.597867
0.615396	1.235079	2.600005
0.694814	1.122304	0.315342
0.690641	1.736118	2.316665
0.697385	1.736535	2.290022
0.803014	1.011095	0.853622
0.921227	0.320281	1.674207
0.771151	0.538960	1.887270
0.746042	0.754239	0.016627
0.703249	1.107253	0.349139
0.749556	0.901333	0.637851
0.724881	0.686501	1.297753
0.787486	1.066377	0.595504
0.747028	0.648678	1.545713
0.778535	1.056657	0.565276
0.746763	0.605177	1.948579
0.669210	1.001987	2.441846
0.926596	0.166012	1.372703
0.652320	1.355530	2.590155
0.754995	0.594184	1.967093
0.727839	1.038307	0.427143
0.711695	0.746658	0.401005
1.010777	0.180524	1.578833
0.755679	0.609437	1.982424
0.758046	0.639500	1.865827
0.811339	0.371559	1.231419
0.764580	1.032317	0.509971
0.740959	1.025127	0.448449
0.752183	0.734782	0.073144
0.654119	1.069056	2.606726
0.702755	1.599327	2.479178
1.000613	0.251346	1.627271
0.720505	1.701183	2.418190
0.746198	0.722562	0.118914
0.697829	1.526426	2.520372
0.743404	0.713291	0.143908
0.750199	0.806468	0.114940
0.743526	1.019649	0.433403
0.743217	1.439112	2.321518
0.726854	1.163500	2.372845
0.782277	0.647310	1.794866
0.753356	1.546720	2.285153
0.766773	1.755908	2.221317
0.779260	0.669065	1.446123
0.782880	0.649283	1.863279
0.839558	0.379345	1.252592
0.780747	0.672837	1.424713
0.791031	0.654626	1.573531
0.834795	1.022095	0.742704
0.760902	1.807409	2.318187
0.684799	0.982074	2.576469
0.747891	0.717401	0.176814
0.735909	0.756689	0.431687
0.787572	0.654623	1.923815
0.683958	1.167989	2.624467
0.783364	1.783567	2.209876
0.751683	0.729369	0.177046
0.779755	0.665311	2.062733
0.737558	0.908749	2.370011
0.746822	1.680086	2.442681
0.786165	0.665332	2.020032
0.733578	0.876510	2.387833
0.976589	0.370632	1.726904
0.789104	0.619116	2.103520
0.805255	0.651877	1.795752
0.779372	0.861415	0.635407
0.833930	0.981127	0.758607
0.833930	0.981127	0.758607
0.746800	0.702189	0.241541
0.811481	0.650960	1.705708
0.748686	1.043949	0.294132
0.760180	0.776433	0.171615
0.753840	1.012744	0.398350
0.758734	0.747653	0.185661
0.907688	0.472003	1.866952
0.707695	0.983259	2.585427
0.763843	0.853600	0.170991
0.791555	0.868989	0.655398
0.793824	1.830003	2.300928
0.708889	1.157107	2.622062
0.760898	0.802692	2.353741
0.839579	0.995277	0.699247
0.809657	0.679343	2.023433
0.817804	0.500001	1.199575
0.794787	0.861926	0.650901
0.792163	0.854413	0.639570
0.824335	0.922695	0.722418
0.851019	0.450249	1.241704
0.794071	0.653483	1.204887
0.768548	0.993346	0.407124
0.763972	1.018741	0.349358
0.826118	0.675355	1.425743
0.839181	0.658897	1.584586
0.760378	0.722653	0.326210
0.832940	0.673573	1.957641
0.975618	0.287819	1.366248
0.737532	0.998928	2.590929
0.775201	0.771775	0.214509
0.804708	1.162246	2.336727
0.850238	0.490447	1.233754
0.772795	0.769139	0.463328
0.827235	0.678971	1.322324
0.794370	0.750408	2.364777
0.778992	1.516211	2.526147
0.877381	0.551094	2.087529
0.796226	0.816085	0.580822
0.823922	0.847894	2.258557
0.784318	0.833013	2.472549
0.832119	0.813625	2.226555
0.842707	0.553945	1.223578
1.055814	0.367166	1.737363
0.818470	0.717628	2.350132
0.990310	0.324617	1.369873
0.869094	0.664306	1.530804
1.029017	0.410850	1.803626
0.856495	0.746115	2.127520
0.854911	0.775311	2.168051
0.883849	0.656317	1.669946
0.795640	0.960362	0.389344
0.984128	0.468640	1.920116
0.875111	0.716631	2.058948
0.836382	0.868411	0.663911
0.974085	0.383254	1.353570
0.885993	1.861756	2.234140
0.875885	0.553166	1.261919
0.867928	1.204009	2.299801
0.878608	0.811098	2.184828
0.873456	0.909597	2.252070
0.854393	0.709617	2.371326
0.824802	0.919523	0.496711
0.890599	0.787971	2.152985
0.914175	0.657883	1.776726
0.885850	0.656054	1.369018
0.982430	0.497482	2.019035
1.041574	0.333635	1.398816
0.896158	0.659774	1.413132
0.940517	0.480961	1.322376
0.932204	0.497856	1.315341
0.926705	0.655399	1.706757
0.829197	0.897647	0.467905
0.837106	0.830478	0.566631
0.819532	0.821350	0.344687
0.820557	0.814015	0.358424
0.839041	0.884907	0.505064
0.825500	0.809432	0.419788
0.826051	0.821591	0.382381
1.161071	0.329404	1.690506
0.922601	0.951055	2.230938
0.944706	0.654120	1.678488
0.941257	0.655272	1.602730
1.062361	0.357823	1.410857
0.860260	1.169376	2.553053
0.922566	0.624199	1.373793
0.960529	1.862815	2.181226
0.946510	1.844703	2.276023
0.926076	1.721994	2.379047
0.872580	1.031825	2.536080
0.872580	1.031825	2.536080
0.945242	0.921729	2.202225
0.975940	1.803297	2.131832
1.191374	0.271042	1.558097
0.938638	0.629363	1.410119
0.963424	0.651956	1.632974
0.963424	0.651956	1.632974
0.935157	1.686959	2.391765
0.966348	0.651008	1.609856
1.073178	0.468796	1.998478
0.979980	0.652930	1.744120
0.971982	1.344368	2.227656
0.976064	0.873895	2.157813
1.208120	0.285699	1.566326
0.984901	1.837563	2.269053
0.989695	1.847588	2.249538
1.188406	0.287906	1.507364
1.013658	1.800838	2.119663
0.918499	1.094426	2.512426
0.995822	1.823801	2.278313
0.975694	0.608039	1.442341
1.181420	0.308333	1.493319
1.097514	0.404381	1.440853
1.211824	0.366904	1.762850
0.941464	1.050041	2.493488
0.991996	0.667907	2.340966
0.960947	0.864643	2.444650
1.023150	0.727930	1.999910
1.022499	0.811755	2.087917
1.028839	0.683590	1.909761
0.960346	1.012327	2.475250
1.195280	0.407927	1.867462
1.123176	0.474758	2.050126
1.035658	0.530465	1.445920
1.229076	0.381203	1.798902
1.044862	0.689326	1.920291
1.042326	0.610689	2.275308
0.996114	1.418648	2.434985
0.985702	1.080411	2.464392
1.230870	0.391717	1.826112
1.192889	0.355481	1.500872
1.241854	0.385023	1.806984
1.258944	0.361398	1.737761
1.062247	0.861857	2.093203
1.141602	0.483211	2.075962
1.068750	1.171243	2.170762
1.060679	1.693501	2.305637
1.014202	1.024450	2.438424
1.108167	1.838748	2.108427
1.044221	1.511464	2.378455
1.125888	0.520847	2.147866
1.151935	0.427193	1.494442
1.031257	0.998197	2.422741
1.094797	1.168645	2.152957
1.084035	1.686762	2.289775
1.081047	1.662310	2.302134
1.097534	1.208811	2.153101
1.257449	0.399875	1.844069
1.257449	0.399875	1.844069
1.096532	0.926209	2.097328
1.265004	0.341307	1.581451
1.043632	1.221877	2.418312
1.043632	1.221877	2.418312
1.122657	0.557659	2.196524
1.285377	0.346372	1.643617
1.112124	1.192199	2.142701
1.282204	0.345168	1.619055
1.071729	0.807080	2.359351
1.279638	0.346630	1.604344
1.276882	0.348504	1.593877
1.295209	0.353183	1.660902
1.071045	1.230671	2.396876
1.125232	0.928882	2.079140
1.113189	1.597145	2.298996
1.129063	0.948907	2.084283
1.086612	1.312121	2.377680
1.104061	0.564418	1.607885
1.155325	1.459183	2.111649
1.304822	0.358697	1.665702
1.138250	1.621941	2.269206
1.156120	1.265770	2.117410
1.128121	0.658222	1.835238
1.170134	1.743286	2.184805
1.127087	1.468616	2.322896
1.142962	0.723706	1.937137
1.172329	0.472886	1.556477
1.153362	0.814188	2.006805
1.115118	1.057753	2.365390
1.146392	0.695429	2.272282
1.219891	0.504251	2.104383
1.161275	0.657613	2.248187
1.292491	0.428171	1.928029
1.198403	1.438652	2.088614
1.184907	0.597840	2.204746
1.141527	0.910553	2.329655
1.169689	1.502905	2.279665
1.150689	0.839701	2.309848
1.173089	0.764846	1.955844
1.162386	0.770430	2.283912
1.164099	0.670047	1.853265
1.231449	1.583035	2.056973
1.169579	1.352822	2.306191
1.175356	0.753291	2.269808
1.167123	1.246021	2.318621
1.218019	1.254929	2.076049
1.254307	1.733272	2.047941
1.256402	1.739803	2.056688
1.234884	1.407969	2.066673
1.178630	0.846118	2.289208
1.185780	0.709604	1.895855
1.233110	0.450674	1.601647
1.192116	0.750899	2.256680
1.181673	0.661103	1.841241
1.324542	0.431346	1.929689
1.214973	0.907729	2.003711
1.199330	1.310901	2.284095
1.256261	1.458840	2.050421
1.291634	0.481209	2.042218
1.245296	0.450552	1.614846
1.284304	1.686377	2.039986
1.353711	0.389768	1.753107
1.287598	1.693290	2.050514
1.231849	0.659449	2.202780
1.196206	0.629145	1.810299
1.276763	1.652163	2.115555
1.220256	0.783616	1.928926
1.278766	0.532955	2.106235
1.301082	1.658214	2.033153
1.297204	1.666057	2.071755
1.234860	0.733047	2.219331
1.349088	0.435871	1.930060
1.267557	0.593829	2.150613
1.306137	1.635943	2.079533
1.289649	1.553316	2.142244
1.217362	0.626334	1.813134
1.354810	0.442275	1.940400
1.287961	0.571884	2.124173
1.247317	1.049522	2.251644
1.261607	0.891427	1.949292
1.300859	0.435218	1.663800
1.377731	0.411849	1.834147
1.259050	0.976879	2.235734
1.247060	0.728719	1.874117
1.317485	1.503115	2.119911
1.267580	0.878084	2.214392
1.267580	0.878084	2.214392
1.340150	0.418030	1.704048
1.348389	0.415060	1.715688
1.373422	0.407810	1.765215
1.258016	0.499976	1.680402
1.384631	0.426714	1.874820
1.354358	1.468892	1.984601
1.359462	1.510347	1.995191
1.308376	1.040007	1.961423
1.287552	0.954548	2.202901
1.254600	0.643612	1.826002
1.296575	0.749503	2.163982
1.367040	1.489671	1.988800
1.356803	1.362680	1.975269
1.336279	0.435025	1.699826
1.260418	0.546180	1.734143
1.311947	0.961945	1.927769
1.306659	0.961705	2.181194
1.319126	0.676633	2.124171
1.321635	1.137054	2.173936
1.317663	1.056248	2.175008
1.372534	1.436792	2.046972
1.316018	0.466622	1.687038
1.276633	0.624933	1.809492
1.322388	0.860494	2.151494
1.279347	0.553627	1.735776
1.384536	1.407857	2.030357
1.351997	0.607220	2.070620
1.368613	1.300759	2.090859
1.286350	0.577399	1.760471
1.395675	1.329078	1.952024
1.374190	1.274440	2.084465
1.317310	0.807178	1.866533
1.351179	1.011861	2.127644
1.348327	0.777597	2.103923
1.358559	0.673793	2.072786
1.354424	0.765336	2.092738
1.372840	1.128191	2.097526
1.371219	0.633846	2.050669
1.395232	1.247178	2.046758
1.314933	0.541407	1.712968
1.345575	0.864256	1.862597
1.409044	1.269754	2.010063
1.336807	0.789299	1.851141
1.372984	0.891131	2.082286
1.365622	0.477822	1.711237
1.373023	0.472935	1.718549
1.378880	0.700975	2.045612
1.327114	0.597808	1.767193
1.337318	0.531265	1.704756
1.405450	1.105103	1.916614
1.335699	0.554259	1.721495
1.412068	0.459291	1.766826
1.423011	1.193490	1.984808
1.347989	0.708187	1.825620
1.416744	1.107270	2.010823
1.421284	0.468361	1.770681
1.418289	0.471779	1.761515
1.430605	1.136517	1.947622
1.401520	0.823198	2.014792
1.430860	1.101155	1.963516
1.374536	0.544458	1.716079
1.414108	0.896141	1.997629
1.373890	0.657477	1.795624
1.393927	0.835816	1.835128
1.422949	0.902642	1.975853
1.422382	0.749591	1.964772
1.390594	0.631279	1.778632
1.394406	0.646689	1.785037
1.448358	0.615513	1.923308
1.432392	0.924487	1.851174
1.407291	0.711474	1.808120
1.460243	0.539966	1.818590
1.449074	0.957839	1.878667
1.449074	0.957839	1.878667
1.432493	0.859042	1.843107
1.451252	0.544314	1.772580
1.448346	0.715545	1.910112
1.432761	0.807571	1.835567
1.463705	0.573870	1.830031
1.448233	0.868017	1.868453
1.459979	0.646609	1.877485
1.457882	0.675636	1.876220
1.445915	0.675322	1.813927
