[n]	[m]	[probability]
1	4	0.636129
2	4	0.636368
3	9	0.859984
4	35	0.285530
5	22	0.830354
6	10	0.591504
7	6	0.905499
8	11	0.354088
9	6	0.436765
10	21	0.404975
11	17	0.502945
12	9	0.739104
13	16	0.490149
14	16	0.464299
15	40	0.492938
16	22	0.824669
17	23	0.229598
18	17	0.451241
19	19	0.322939
20	40	0.552600
21	40	0.458318
22	13	0.305498
23	20	0.210915
24	20	0.186904
25	46	0.697966
26	16	0.341523
27	35	0.362407
28	13	0.351669
29	31	0.260574
30	41	0.598554
31	35	0.324943
32	33	0.241376
33	32	0.608723
34	35	0.343966
35	40	0.448321
36	40	0.717918
37	46	0.610996
38	41	0.303668
39	50	0.611109
40	39	0.477658
41	46	0.325254
42	32	0.527817
43	56	0.711358
44	72	0.493182
45	67	0.287654
46	56	0.448985
47	45	0.742175
48	119	0.448578
49	136	0.577550
50	97	0.663378
51	53	0.483848
52	105	0.507864
53	54	0.515124
54	136	0.572583
55	89	0.303447
56	97	0.413654
57	81	0.368783
58	136	0.754001
59	51	0.577132
60	86	0.265615
61	52	0.285431
62	54	0.401374
63	52	0.397381
64	136	0.598661
65	54	0.653282
66	70	0.343711
67	55	0.358390
68	119	0.493304
69	84	0.516337
70	98	0.283701
71	87	0.316484
72	136	0.507167
73	57	0.791265
74	57	0.773570
75	73	0.416436
76	136	0.653841
77	55	0.406386
78	92	0.287674
79	45	0.474098
80	51	0.333092
81	133	0.560712
82	86	0.357470
83	105	0.890852
84	79	0.349723
85	51	0.412645
86	75	0.955191
87	133	0.451967
88	90	0.888987
89	119	0.409250
90	114	0.644719
91	152	0.314043
92	75	0.675579
93	127	0.326888
94	88	0.599423
95	90	0.956531
96	162	0.309837
97	84	0.615536
98	102	0.330949
99	154	0.564155
100	152	0.475396
101	116	0.394261
102	84	0.564166
103	91	0.676410
104	109	0.393655
105	154	0.703993
106	120	0.465197
107	137	0.483652
108	96	0.542852
109	108	0.332571
110	118	0.524560
111	116	0.486487
112	162	0.450351
113	137	0.575182
114	127	0.440701
115	96	0.452363
116	120	0.567012
117	118	0.340728
118	109	0.432917
119	127	0.354498
120	117	0.642450
121	117	0.642450
122	121	0.353396
123	164	0.291928
124	132	0.465510
125	75	0.354967
126	155	0.351018
127	115	0.519248
128	158	0.596417
129	164	0.457496
130	181	0.396024
131	130	0.455675
132	157	0.383554
133	178	0.745332
134	115	0.531749
135	167	0.436926
136	172	0.662726
137	156	0.843822
138	156	0.761751
139	217	0.471303
140	164	0.381123
141	121	0.489143
142	149	0.565474
143	186	0.449202
144	164	0.336496
145	230	0.279697
146	150	0.507865
147	122	0.284360
148	217	0.615846
149	147	0.699302
150	217	0.393353
151	217	0.496259
152	177	0.406742
153	181	0.531357
154	140	0.328206
155	248	0.511956
156	143	0.324713
157	150	0.567191
158	169	0.473482
159	157	0.520863
160	150	0.609803
161	202	0.491227
162	168	0.483452
163	230	0.420797
164	161	0.541356
165	157	0.651325
166	207	0.344709
167	175	0.398616
168	182	0.397679
169	157	0.538329
170	142	0.338287
171	315	0.363928
172	157	0.513351
173	139	0.404650
174	160	0.764427
175	151	0.449184
176	230	0.582831
177	151	0.290535
178	157	0.289470
179	248	0.755331
180	314	0.331635
181	207	0.723292
182	238	0.368705
183	151	0.390934
184	190	0.397494
185	186	0.418506
186	238	0.695809
187	170	0.346819
188	151	0.355881
189	315	0.396509
190	259	0.708060
191	233	0.494317
192	259	0.530320
193	237	0.433192
194	203	0.654810
195	171	0.383242
196	232	0.583715
197	183	0.337342
198	307	0.467407
199	315	0.518960
200	231	0.625541
201	366	0.400965
202	263	0.487739
203	366	0.470370
204	231	0.543259
205	242	0.541091
206	252	0.820019
207	366	0.557114
208	236	0.693635
209	307	0.422547
210	236	0.753656
211	246	0.344257
212	409	0.565382
213	344	0.210499
214	218	0.628602
215	225	0.462139
216	193	0.577659
217	237	0.451300
218	236	0.846780
219	193	0.683021
220	289	0.549848
221	236	0.980519
222	449	0.714638
223	409	0.289445
224	280	0.446967
225	246	0.291723
226	193	0.683865
227	289	0.623935
228	250	0.546978
229	193	0.574407
230	289	0.663858
231	318	0.671804
232	236	0.987471
233	286	0.716452
234	286	0.465905
235	345	0.573862
236	318	0.815912
237	291	0.487149
238	286	0.581081
239	280	0.457968
240	193	0.531530
241	311	0.390977
242	193	0.471714
243	449	0.630277
244	360	0.493368
245	373	0.421381
246	227	0.313580
247	391	0.380713
248	432	0.815241
249	262	0.255083
250	449	0.395866
251	262	0.277207
252	538	0.610727
253	291	0.513880
254	411	0.246003
255	432	0.766166
256	334	0.373909
257	289	0.575901
258	313	0.362462
259	345	0.503603
260	234	0.365813
261	198	0.687566
262	342	0.969567
263	408	0.439804
264	408	0.377254
265	334	0.336063
266	432	0.568614
267	291	0.412618
268	352	0.664916
269	283	0.384839
270	432	0.844715
271	348	0.506126
272	283	0.938328
273	373	0.587729
274	418	0.406992
275	495	0.644619
276	240	0.657316
277	408	0.828741
278	369	0.285356
279	386	0.479192
280	369	0.259013
281	355	0.552441
282	372	0.903065
283	212	0.643443
284	539	0.561243
285	359	0.661418
286	495	0.708662
287	372	0.909597
288	234	0.335835
289	359	0.665790
290	380	0.659764
291	480	0.648748
292	222	0.577577
293	495	0.749858
294	582	0.454491
295	336	0.504039
296	359	0.704196
297	495	0.697313
298	342	0.848087
299	359	0.617589
300	359	0.710022
301	296	0.394841
302	256	0.655254
303	404	0.402298
304	372	0.824666
305	372	0.454106
306	298	0.773707
307	452	0.289520
308	378	0.542162
309	523	0.706487
310	523	0.372163
311	408	0.460929
312	658	0.418139
313	631	0.368557
314	674	0.787969
315	625	0.832936
316	278	0.607596
317	616	0.572912
318	445	0.819666
319	604	0.522993
320	645	0.765339
321	387	0.652321
322	794	0.513825
323	476	0.342368
324	378	0.471237
325	789	0.754521
326	491	0.544254
327	399	0.502037
328	521	0.577996
329	674	0.661852
330	627	0.420086
331	523	0.652113
332	298	0.398237
333	200	0.451761
334	387	0.695162
335	617	0.433213
336	243	0.458173
337	643	0.327679
338	491	0.645958
339	641	0.339033
340	617	0.445524
341	630	0.420159
342	674	0.426718
343	621	0.739250
344	509	0.547883
345	674	0.708757
346	824	0.883116
347	474	0.401159
348	644	0.443984
349	303	0.279102
350	674	0.571337
351	213	0.293553
352	598	0.320141
353	663	0.387968
354	338	0.362342
355	480	0.370899
356	617	0.443418
357	523	0.369374
358	399	0.672812
359	339	0.479998
360	813	0.786333
361	485	0.693279
362	644	0.323931
363	644	0.340806
364	485	0.428525
365	273	0.468051
366	251	0.971849
367	832	0.571502
368	761	0.353189
369	221	0.252098
370	700	0.336721
371	643	0.456225
372	385	0.623494
373	247	0.427765
374	700	0.357071
375	650	0.368759
376	385	0.605364
377	445	0.876885
378	789	0.377320
379	696	0.477545
380	275	0.445636
381	339	0.343401
382	784	0.468069
383	332	0.324596
384	578	0.313707
385	406	0.378974
386	764	0.646291
387	488	0.419325
388	773	0.533712
389	275	0.298165
390	764	0.675846
391	390	0.395948
392	241	0.605450
393	640	0.354043
394	792	0.366858
395	388	0.363693
396	442	0.353458
397	275	0.448741
398	332	0.417614
399	288	0.290699
400	883	0.397126
401	689	0.322349
402	883	0.324672
403	784	0.388570
404	851	0.466862
405	509	0.369115
406	650	0.749927
407	721	0.476399
408	764	0.689553
409	520	0.650663
410	650	0.614636
411	650	0.743981
412	442	0.347296
413	491	0.420351
414	229	0.314103
415	491	0.879129
416	663	0.442562
417	390	0.448155
418	600	0.379733
419	1047	0.459431
420	288	0.808125
421	385	0.627908
422	256	0.316007
423	576	0.328548
424	643	0.757065
425	435	0.442491
426	773	0.584841
427	271	0.305477
428	241	0.483645
429	960	0.294167
430	904	0.584896
431	271	0.539904
432	481	0.421112
433	423	0.269194
434	271	0.557094
435	268	0.586947
436	713	0.598045
437	271	0.617939
438	854	0.576561
439	499	0.493450
440	697	0.197408
441	621	0.442070
442	508	0.878690
443	520	0.576527
444	271	0.468286
445	790	0.441011
446	491	0.780533
447	578	0.310448
448	871	0.381851
449	481	0.370418
450	514	0.536228
451	913	0.276550
452	600	0.456570
453	746	0.323130
454	850	0.552508
455	838	0.353418
456	533	0.421955
457	903	0.456267
458	524	0.464041
459	492	0.415088
460	936	0.877766
461	374	0.355240
462	790	0.513628
463	721	0.543814
464	515	0.519248
465	504	0.335849
466	917	0.406327
467	274	0.505204
468	838	0.355663
469	1047	0.972140
470	812	0.585987
471	297	0.530070
472	535	0.448125
473	269	0.909750
474	854	0.522989
475	911	0.258760
476	1047	0.996075
477	903	0.487534
478	459	0.199889
479	576	0.390186
480	540	0.450563
481	865	0.693163
482	871	0.410900
483	282	0.526278
484	269	0.886865
485	553	0.459578
486	713	0.398731
487	905	0.671742
488	468	0.712394
489	508	0.578908
490	727	0.198791
491	542	0.600324
492	512	0.381903
493	435	0.393827
494	329	0.639573
495	969	0.217534
496	600	0.392638
497	1034	0.513833
498	557	0.340792
499	910	0.588287
500	297	0.388657
501	912	0.409047
502	395	0.431014
503	928	0.545447
504	880	0.522574
505	297	0.616535
506	812	0.698972
507	928	0.630725
508	535	0.623705
509	453	0.351273
510	910	0.545334
511	546	0.428039
512	416	0.753113
513	910	0.610888
514	274	0.725146
515	496	0.459394
516	301	0.727569
517	297	0.597727
518	514	0.469959
519	553	0.318601
520	945	0.235881
521	544	0.257213
522	553	0.430471
523	905	0.476038
524	898	0.377408
525	530	0.386069
526	559	0.387435
527	542	0.736136
528	546	0.639100
529	559	0.345253
530	329	0.481232
531	540	0.547643
532	865	0.559308
533	1018	0.610541
534	1025	0.414089
535	622	0.774664
536	559	0.376630
537	450	0.363895
538	270	0.731962
539	479	0.284750
540	611	0.323160
541	506	0.287604
542	559	0.344405
543	910	0.403427
544	1025	0.491067
545	1047	0.986355
546	988	0.397356
547	1047	0.956627
548	636	0.590405
549	557	0.424723
550	865	0.558607
551	636	0.827071
552	771	0.292533
553	383	0.607479
554	893	0.544964
555	270	0.368275
556	265	0.915902
557	549	0.395236
558	879	0.437333
559	1000	0.814592
560	1010	0.293365
561	834	0.225339
562	907	0.341589
563	910	0.371813
564	805	0.266785
565	479	0.413441
566	1004	0.241428
567	614	0.314450
568	282	0.692913
569	622	0.979492
570	270	0.675759
571	346	0.482214
572	1186	0.457108
573	1021	0.375411
574	648	0.714824
575	574	0.433048
576	1004	0.345657
577	383	0.418417
578	555	0.684927
579	545	0.461654
580	1055	0.418873
581	1128	0.457863
582	1097	0.517376
583	394	0.425980
584	673	0.748632
585	925	0.404163
586	673	0.956715
587	301	0.716567
588	821	0.302489
589	672	0.791991
590	859	0.364210
591	269	0.409679
592	942	0.495228
593	555	0.624377
594	859	0.404388
595	401	0.797268
596	308	0.720166
597	1109	0.506500
598	817	0.670851
599	498	0.418715
600	1186	0.696708
601	370	0.371936
602	1055	0.524903
603	1132	0.745786
604	666	0.784760
605	1108	0.437874
606	692	0.420066
607	859	0.331279
608	686	0.332747
609	1010	0.266830
610	648	0.786121
611	651	0.612029
612	584	0.313111
613	687	0.214871
614	629	0.430585
615	669	0.815068
616	649	0.557319
617	379	0.710675
618	1190	0.253741
619	429	0.528926
620	646	0.355369
621	1186	0.590845
622	555	0.446749
623	350	0.346419
624	942	0.451248
625	1324	0.482526
626	1186	0.401415
627	379	0.531107
628	1093	0.853868
629	692	0.647233
630	1069	0.564473
631	690	0.593686
632	431	0.635132
633	991	0.513172
634	818	0.713010
635	1093	0.875548
636	401	0.706937
637	673	0.904754
638	279	0.508093
639	1084	0.368642
640	1052	0.465453
641	1073	0.327258
642	1117	0.725476
643	456	0.323305
644	734	0.285429
645	781	0.439087
646	817	0.619992
647	279	0.498614
648	779	0.436022
649	847	0.365853
650	890	0.920893
651	686	0.406928
652	818	0.814889
653	1250	0.427179
654	991	0.660042
655	673	0.800898
656	1272	0.384785
657	279	0.418208
658	1126	0.475474
659	323	0.389806
660	649	0.587320
661	511	0.648436
662	1204	0.686778
663	511	0.693739
664	890	0.910497
665	1084	0.984178
666	686	0.391132
667	511	0.665608
668	779	0.589189
669	1106	0.413668
670	687	0.441414
671	323	0.354215
672	776	0.434320
673	654	0.813229
674	396	0.325220
675	396	0.325220
676	398	0.737685
677	463	0.569288
678	1061	0.924449
679	463	0.791024
680	463	0.557295
681	1084	0.753230
682	987	0.967466
683	817	0.494796
684	612	0.428744
685	667	0.689101
686	463	0.433183
687	776	0.369731
688	654	0.698162
689	687	0.332751
690	714	0.867562
691	714	0.992186
692	1361	0.440572
693	1361	0.747863
694	1337	0.520713
695	1193	0.335512
696	389	0.572465
697	580	0.683637
698	688	0.603819
699	654	0.494928
700	1224	0.382866
701	1228	0.442920
702	1166	0.823691
703	987	0.865680
704	704	0.359830
705	1207	0.417178
706	666	0.887288
707	398	0.852331
708	752	0.533176
709	737	0.258807
710	398	0.518126
711	711	0.344908
712	1105	0.682499
713	1324	0.672319
714	756	0.286187
715	1361	0.930273
716	1296	0.931890
717	987	0.729806
718	733	0.409804
719	1131	0.342405
720	1265	0.429988
721	748	0.398682
722	1309	0.666461
723	796	0.397265
724	1108	0.768954
725	657	0.249870
726	1152	0.957334
727	398	0.626451
728	1207	0.479608
729	1265	0.479933
730	1218	0.549995
731	740	0.338476
732	818	0.411211
733	1188	0.484673
734	398	0.794510
735	1390	0.334053
736	914	0.541712
737	756	0.313884
738	1224	0.428799
739	1417	0.479458
740	1318	0.335223
741	776	0.263294
742	1263	0.420879
743	1228	0.539090
744	1207	0.422339
745	666	0.829395
746	319	0.187712
747	886	0.643236
748	441	0.625498
749	1139	0.574193
750	706	0.661202
751	952	0.704786
752	734	0.718286
753	1241	0.973046
754	1263	0.628156
755	970	0.493951
756	671	0.289226
757	634	0.578452
758	864	0.835619
759	802	0.341260
760	938	0.880536
761	970	0.835499
762	1337	0.797091
763	705	0.429906
764	1337	0.852022
765	402	0.516860
766	843	0.921572
767	1313	0.459240
768	568	0.579647
769	1426	0.405489
770	1112	0.970517
771	1224	0.473955
772	1263	0.564853
773	984	0.475357
774	1054	0.577352
775	1241	0.906852
776	1300	0.985391
777	1152	0.908038
778	1218	0.578741
779	588	0.426178
780	705	0.755101
781	989	0.716558
782	417	0.450674
783	1218	0.369555
784	1077	0.631919
785	632	0.352763
786	1361	0.411397
787	958	0.510192
788	1371	0.994796
789	427	0.616052
790	1337	0.438297
791	634	0.580735
792	1262	0.374157
793	908	0.674934
794	532	0.244651
795	1417	0.867032
796	579	0.302911
797	1411	0.519845
798	1417	0.758705
799	1371	0.990551
800	1076	0.365455
801	1410	0.384273
802	866	0.656640
803	1035	0.365663
804	568	0.606317
805	444	0.474946
806	1077	0.695095
807	1273	0.591392
808	843	0.407199
809	532	0.462796
810	1360	0.485052
811	1152	0.604924
812	1401	0.917799
813	1096	0.409930
814	799	0.411403
815	1350	0.432924
816	1110	0.437577
817	1166	0.590768
818	1459	0.512150
819	966	0.349157
820	961	0.587147
821	724	0.796172
822	1313	0.691943
823	1110	0.433270
824	1263	0.427236
825	918	0.560399
826	1096	0.374998
827	1102	0.763062
828	1110	0.481002
829	575	0.320557
830	1273	0.704830
831	1076	0.519860
832	1333	0.366226
833	417	0.863748
834	1017	0.866127
835	1017	0.775752
836	467	0.305281
837	467	0.305281
838	566	0.287624
839	1401	0.915248
840	1333	0.473320
841	1459	0.454545
842	1360	0.461874
843	1353	0.578155
844	1102	0.933346
845	1096	0.353151
846	1330	0.548213
847	993	0.785336
848	1076	0.335359
849	1300	0.962931
850	965	0.501052
851	966	0.292040
852	1342	0.331948
853	1273	0.724335
854	1054	0.952925
855	1411	0.454874
856	579	0.400007
857	1372	0.539505
858	1333	0.614184
859	444	0.530578
860	1112	0.964115
861	705	0.420920
862	484	0.395530
863	1273	0.521170
864	1466	0.444687
865	1077	0.720268
866	1638	0.630187
867	1156	0.930380
868	634	0.298266
869	417	0.941311
870	497	0.608906
871	563	0.773551
872	1054	0.518070
873	1511	0.381474
874	1469	0.532576
875	1412	0.459668
876	738	0.343087
877	705	0.801719
878	1466	0.365402
879	1412	0.464985
880	1457	0.291660
881	973	0.813169
882	1191	0.727348
883	1375	0.318383
884	1504	0.929087
885	944	0.709721
886	1504	0.760863
887	1257	0.632273
888	634	0.357474
889	1466	0.307723
890	918	0.754007
891	1175	0.447754
892	507	0.661029
893	1437	0.473434
894	1375	0.279154
895	1562	0.954276
896	534	0.371922
897	1064	0.378120
898	465	0.540909
899	993	0.892850
900	1384	0.493605
901	918	0.792497
902	1457	0.401526
903	1466	0.396261
904	1197	0.303976
905	924	0.641444
906	1466	0.412128
907	1048	0.594433
908	1125	0.302231
909	1038	0.653568
910	1404	0.262434
911	1175	0.432755
912	550	0.585583
913	961	0.654621
914	1454	0.285064
915	482	0.665302
916	1454	0.375099
917	1455	0.964000
918	1477	0.260746
919	1504	0.655378
920	1305	0.440928
921	1054	0.484320
922	527	0.683380
923	1174	0.271521
924	1054	0.806638
925	1575	0.996598
926	1175	0.397945
927	921	0.713526
928	1672	0.614317
929	486	0.331292
930	1504	0.818236
931	482	0.481488
932	798	0.472587
933	558	0.432857
934	1437	0.421902
935	1478	0.218451
936	1090	0.411544
937	1562	0.984243
938	1019	0.658643
939	1038	0.679756
940	861	0.548844
941	1013	0.700599
942	1140	0.739944
943	1451	0.544367
944	1427	0.485329
945	1563	0.487773
946	1140	0.832134
947	676	0.478223
948	1191	0.586695
949	626	0.478209
950	1111	0.332929
951	965	0.459702
952	815	0.349573
953	478	0.564626
954	1295	0.299230
955	1068	0.892533
956	1107	0.408237
957	1230	0.412068
958	1194	0.772811
959	486	0.317290
960	735	0.676100
961	1487	0.279386
962	1242	0.421424
963	1455	0.749974
964	550	0.724525
965	1006	0.544517
966	1070	0.724286
967	1503	0.336821
968	1310	0.538443
969	1427	0.356223
970	482	0.587891
971	1170	0.353483
972	1562	0.617375
973	869	0.475119
974	1515	0.837592
975	1383	0.306226
976	1059	0.528069
977	1310	0.517177
978	1563	0.930942
979	1191	0.783504
980	1515	0.751960
981	735	0.689583
982	1075	0.776753
983	1589	0.635291
984	436	0.265171
985	1602	0.361172
986	897	0.438039
987	1230	0.313331
988	1565	0.679351
989	897	0.333402
990	861	0.727648
991	436	0.245711
992	1140	0.766436
993	1081	0.706752
994	684	0.344684
995	501	0.415272
996	436	0.311990
997	1383	0.611835
998	548	0.380989
999	943	0.304040
1000	1325	0.510157
1001	1059	0.945231
1002	1220	0.720589
1003	816	0.583928
1004	1749	0.639029
1005	1564	0.383889
1006	548	0.433485
1007	430	0.261640
1008	1119	0.486816
1009	857	0.424812
1010	1335	0.996154
1011	1618	0.438850
1012	1782	0.913009
1013	1223	0.567718
1014	1223	0.567718
1015	897	0.329126
1016	436	0.319430
1017	1335	0.996585
1018	735	0.364203
1019	831	0.427993
1020	897	0.251520
1021	1216	0.486564
1022	1216	0.486564
1023	1325	0.566475
1024	1383	0.437642
1025	1424	0.551396
1026	1195	0.366571
1027	1195	0.366571
1028	1469	0.727144
1029	1013	0.674791
1030	1424	0.543369
1031	715	0.680947
1032	1515	0.486704
1033	562	0.505930
1034	1761	0.356226
1035	1827	0.443370
1036	1565	0.812827
1037	1615	0.526168
1038	501	0.521370
1039	1548	0.965673
1040	1651	0.806606
1041	1295	0.310696
1042	1295	0.310696
1043	1195	0.317166
1044	1383	0.479625
1045	1578	0.524138
1046	1019	0.534364
1047	715	0.635554
1048	715	0.539688
1049	1414	0.648261
1050	1600	0.501950
1051	1335	0.840471
1052	1627	0.547185
1053	1535	0.522803
1054	1651	0.922207
1055	1772	0.462388
1056	1223	0.652322
1057	701	0.521471
1058	1252	0.609946
1059	589	0.294161
1060	1013	0.904123
1061	1414	0.735099
1062	1220	0.475010
1063	1535	0.510811
1064	1223	0.826275
1065	1749	0.254487
1066	857	0.521925
1067	1517	0.334659
1068	433	0.455383
1069	831	0.444951
1070	1535	0.526666
1071	1252	0.926623
1072	1512	0.326251
1073	967	0.335421
1074	1535	0.519575
1075	1119	0.466827
1076	895	0.716008
1077	701	0.528429
1078	1070	0.390607
1079	1003	0.808370
1080	1003	0.807165
1081	589	0.364316
1082	1615	0.526757
1083	1243	0.287141
1084	1620	0.534103
1085	1600	0.629298
1086	1448	0.232056
1087	586	0.741612
1088	1589	0.375650
1089	693	0.461386
1090	1216	0.501830
1091	1335	0.709983
1092	1603	0.389311
1093	1003	0.849217
1094	1615	0.954864
1095	1578	0.936996
1096	1575	0.761199
1097	1650	0.496562
1098	729	0.421972
1099	1396	0.484137
1100	1578	0.581688
1101	1095	0.653071
1102	1512	0.661676
1103	1267	0.529420
1104	1650	0.651210
1105	1374	0.644006
1106	543	0.375277
1107	1728	0.509409
1108	1323	0.409076
1109	586	0.850489
1110	603	0.362295
1111	647	0.316785
1112	433	0.552510
1113	1334	0.549227
1114	1736	0.934214
1115	1383	0.378128
1116	1252	0.816907
1117	1235	0.408395
1118	1519	0.565968
1119	723	0.323773
1120	586	0.488154
1121	1514	0.366772
1122	1984	0.852703
1123	1728	0.534192
1124	777	0.313310
1125	1336	0.694799
1126	583	0.560160
1127	1521	0.547071
1128	1474	0.490716
1129	1322	0.617566
1130	1994	0.559569
1131	1650	0.711155
1132	603	0.409286
1133	1334	0.599624
1134	1784	0.374190
1135	1861	0.625289
1136	937	0.309627
1137	1024	0.677490
1138	1413	0.341570
1139	1615	0.709632
1140	819	0.469889
1141	1336	0.625329
1142	500	0.635459
1143	1461	0.418714
1144	1334	0.542814
1145	1728	0.717147
1146	1578	0.557242
1147	2072	0.341215
1148	1749	0.984758
1149	916	0.228388
1150	819	0.350540
1151	1408	0.616667
1152	1121	0.662329
1153	1782	0.988230
1154	1744	0.619461
1155	1749	0.994402
1156	1146	0.448415
1157	605	0.387992
1158	1311	0.857324
1159	1736	0.941464
1160	1286	0.886750
1161	1861	0.652460
1162	1760	0.957085
1163	525	0.567862
1164	1727	0.941843
1165	1189	0.493262
1166	1731	0.742774
1167	1666	0.558971
1168	751	0.638563
1169	1541	0.587520
1170	1436	0.353167
1171	1441	0.320363
1172	1485	0.576384
1173	797	0.431743
1174	1710	0.332491
1175	1235	0.475412
1176	1020	0.452769
1177	1189	0.615834
1178	505	0.307169
1179	1819	0.651659
1180	1343	0.592364
1181	1736	0.855491
1182	1608	0.590310
1183	1736	0.784638
1184	1571	0.318522
1185	1274	0.623301
1186	1566	0.891634
1187	1891	0.810947
1188	1461	0.303926
1189	1502	0.798540
1190	585	0.767318
1191	1020	0.324947
1192	1854	0.760682
1193	1744	0.735397
1194	811	0.323012
1195	1710	0.266803
1196	1854	0.708289
1197	1776	0.727707
1198	1282	0.499041
1199	1891	0.789816
1200	1282	0.563863
1201	1819	0.600138
1202	1475	0.288111
1203	1791	0.774702
1204	2046	0.602046
1205	1322	0.337661
1206	1775	0.521302
1207	1608	0.675640
1208	1782	0.829901
1209	1891	0.819893
1210	1282	0.507072
1211	1791	0.528010
1212	1758	0.747664
1213	1665	0.407496
1214	1819	0.354507
1215	1328	0.754851
1216	1744	0.729558
1217	1714	0.387094
1218	1400	0.412912
1219	1382	0.382603
1220	1571	0.527444
1221	1731	0.745133
1222	1460	0.431293
1223	1338	0.354442
1224	1460	0.679522
1225	1679	0.496678
1226	1776	0.809737
1227	1791	0.846623
1228	1808	0.599105
1229	1716	0.399945
1230	1581	0.520855
1231	628	0.253321
1232	519	0.525406
1233	1775	0.673061
1234	1794	0.700470
1235	519	0.481532
1236	1248	0.609717
1237	2065	0.379893
1238	894	0.357313
1239	1576	0.721913
1240	1311	0.507452
1241	519	0.537967
1242	1338	0.305400
1243	1679	0.545446
1244	564	0.664585
1245	1594	0.436014
1246	1030	0.484915
1247	1732	0.502932
1248	519	0.535691
1249	564	0.594962
1250	1794	0.759288
1251	1775	0.767773
1252	1662	0.448512
1253	1710	0.374134
1254	1707	0.322866
1255	1460	0.800336
1256	1758	0.786962
1257	1727	0.542621
1258	976	0.402355
1259	1776	0.688395
1260	1065	0.557098
1261	1776	0.775542
1262	1359	0.643705
1263	1065	0.684901
1264	751	0.633300
1265	1784	0.541634
1266	1322	0.866593
1267	570	0.317334
1268	1484	0.377467
1269	565	0.463189
1270	564	0.453406
1271	1887	0.546586
1272	1479	0.309871
1273	1803	0.877159
1274	1744	0.613012
1275	1566	0.654068
1276	1294	0.275136
1277	1355	0.229158
1278	1705	0.448614
1279	1710	0.436139
1280	1748	0.535800
1281	1294	0.317925
1282	1359	0.574501
1283	1759	0.368368
1284	1581	0.413418
1285	976	0.491965
1286	1594	0.558624
1287	1662	0.487610
1288	736	0.409890
1289	1460	0.712142
1290	596	0.573988
1291	1355	0.402852
1292	2012	0.280770
1293	596	0.629530
1294	1586	0.484282
1295	1803	0.654591
1296	1392	0.503410
1297	2072	0.362825
1298	1714	0.468161
1299	1830	0.933074
1300	1727	0.805800
1301	1322	0.782613
1302	1443	0.481315
1303	953	0.379116
1304	1127	0.808213
1305	1445	0.546124
1306	1213	0.402203
1307	564	0.615227
1308	1858	0.494940
1309	1213	0.342630
1310	1392	0.410748
1311	1484	0.448092
1312	2065	0.417438
1313	1351	0.879242
1314	1475	0.253198
1315	1531	0.753466
1316	633	0.498496
1317	1392	0.372079
1318	1356	0.482579
1319	2046	0.561110
1320	1594	0.710548
1321	939	0.581476
1322	680	0.307036
1323	736	0.388509
1324	1737	0.345481
1325	1705	0.501014
1326	830	0.426899
1327	1253	0.360921
1328	1850	0.323336
1329	736	0.457954
1330	994	0.267403
1331	1357	0.593212
1332	1810	0.911942
1333	678	0.375908
1334	770	0.324651
1335	1871	0.401961
1336	2012	0.483529
1337	1759	0.484820
1338	1621	0.444225
1339	1830	0.795703
1340	1645	0.635235
1341	1830	0.653892
1342	1858	0.835913
1343	1362	0.545829
1344	1357	0.871000
1345	1508	0.477679
1346	808	0.162337
1347	1253	0.295534
1348	1904	0.513258
1349	2081	0.980206
1350	1828	0.420628
1351	2100	0.425889
1352	1904	0.427614
1353	1822	0.613410
1354	596	0.487004
1355	1864	0.322820
1356	1664	0.356868
1357	976	0.167317
1358	1136	0.560213
1359	668	0.592833
1360	1494	0.658860
1361	1829	0.454453
1362	653	0.169291
1363	677	0.686511
1364	1670	0.506162
1365	953	0.651979
1366	655	0.483630
1367	736	0.304389
1368	2100	0.620332
1369	677	0.835618
1370	1885	0.693627
1371	1648	0.293561
1372	1543	0.717685
1373	1955	0.403031
1374	1423	0.548040
1375	2008	0.500177
1376	2046	0.679972
1377	1938	0.362954
1378	1924	0.447289
1379	2112	0.416649
1380	1688	0.918164
1381	1840	0.528345
1382	1645	0.660733
1383	839	0.672296
1384	1681	0.467024
1385	953	0.556909
1386	1387	0.276363
1387	635	0.243576
1388	2081	0.978164
1389	2223	0.314343
1390	1870	0.634856
1391	1962	0.598597
1392	662	0.767808
1393	683	0.361537
1394	1439	0.322040
1395	1870	0.549687
1396	1940	0.625703
1397	839	0.654640
1398	1924	0.500326
1399	1829	0.686121
1400	1982	0.310848
1401	2159	0.527812
1402	1543	0.908543
1403	1594	0.683701
1404	1558	0.438080
1405	1681	0.504009
1406	1607	0.265723
1407	1730	0.371625
1408	2046	0.598671
1409	1290	0.526530
1410	1595	0.724520
1411	2123	0.701085
1412	1993	0.855381
1413	1935	0.563201
1414	1472	0.514321
1415	2032	0.343604
1416	1935	0.448622
1417	2129	0.721209
1418	853	0.197532
1419	1938	0.451558
1420	1862	0.541674
1421	823	0.475748
1422	1941	0.399898
1423	2086	0.653752
1424	2027	0.399203
1425	2089	0.687951
1426	1688	0.764132
1427	852	0.295269
1428	1595	0.744880
1429	1978	0.883968
1430	862	0.459528
1431	899	0.291274
1432	1509	0.480977
1433	1915	0.811566
1434	1626	0.458935
1435	881	0.250734
1436	1925	0.340376
1437	1866	0.568291
1438	1916	0.521654
1439	1746	0.703354
1440	1935	0.436141
1441	1913	0.562916
1442	1595	0.369663
1443	783	0.450119
1444	1746	0.619561
1445	1701	0.812655
1446	1916	0.367716
1447	2128	0.531938
1448	1647	0.351058
1449	2089	0.545536
1450	2025	0.282187
1451	1955	0.594636
1452	855	0.652310
1453	2133	0.481554
1454	1935	0.410604
1455	2108	0.901191
1456	2076	0.343783
1457	681	0.967777
1458	670	0.439917
1459	1866	0.914458
1460	2077	0.340856
1461	2089	0.622701
1462	899	0.372260
1463	2081	0.930922
1464	1961	0.435572
1465	1866	0.850617
1466	1943	0.634924
1467	2027	0.667586
1468	1163	0.455242
1469	1903	0.661367
1470	1857	0.543038
1471	1906	0.568348
1472	2110	0.617232
1473	835	0.225993
1474	1866	0.823080
1475	1001	0.541884
1476	853	0.266911
1477	1543	0.813377
1478	1857	0.618365
1479	1163	0.457182
1480	681	0.958441
1481	2027	0.586188
1482	2027	0.433735
1483	1626	0.378501
1484	1663	0.368257
1485	1919	0.438907
1486	1678	0.950767
1487	855	0.473791
1488	1653	0.499787
1489	2080	0.843825
1490	1678	0.886914
1491	2058	0.247810
1492	1678	0.932118
1493	745	0.709698
1494	901	0.219314
1495	1698	0.943070
1496	1698	0.542807
1497	1890	0.712564
1498	899	0.366682
1499	1913	0.389938
1500	1826	0.987171
1501	863	0.312716
1502	1826	0.882594
1503	901	0.316230
1504	1698	0.955786
1505	2052	0.303808
1506	1654	0.341860
1507	1774	0.304181
1508	1708	0.455868
1509	1897	0.592279
1510	1663	0.344214
1511	2027	0.345393
1512	1909	0.605045
1513	745	0.781317
1514	1438	0.267041
1515	881	0.346687
1516	783	0.465608
1517	1926	0.379348
1518	881	0.342420
1519	1909	0.635894
1520	1919	0.419098
1521	1219	0.493914
1522	2117	0.348750
1523	1909	0.427030
1524	2133	0.389970
1525	2028	0.618782
1526	1919	0.452052
1527	1929	0.337591
1528	855	0.398266
1529	1926	0.366812
1530	1387	0.401120
1531	1884	0.662770
1532	744	0.366349
1533	1873	0.991696
1534	1604	0.795049
1535	1604	0.506277
1536	2157	0.341818
1537	1955	0.623333
1538	1928	0.348382
1539	1101	0.443137
1540	1698	0.930237
1541	2038	0.509100
1542	1944	0.571379
1543	1857	0.535334
1544	1957	0.338518
1545	1587	0.852175
1546	1612	0.775239
1547	1604	0.811105
1548	758	0.494566
1549	849	0.758062
1550	2313	0.954283
1551	783	0.885809
1552	962	0.543835
1553	1763	0.469512
1554	1905	0.431001
1555	1899	0.554866
1556	2171	0.394627
1557	1899	0.608297
1558	1893	0.420492
1559	1612	0.708508
1560	2163	0.571640
1561	637	0.216323
1562	1158	0.555119
1563	1574	0.873104
1564	1698	0.982667
1565	2029	0.325209
1566	1604	0.367025
1567	2119	0.503587
1568	2081	0.788166
1569	1967	0.299751
1570	835	0.401992
1571	2157	0.573910
1572	2069	0.405525
1573	1865	0.675322
1574	1604	0.498332
1575	2144	0.719985
1576	1217	0.351366
1577	2036	0.387015
1578	2114	0.255706
1579	2108	0.778615
1580	2021	0.378854
1581	2157	0.454778
1582	1957	0.366228
1583	1905	0.817890
1584	1893	0.546423
1585	2055	0.458378
1586	1506	0.388209
1587	2038	0.673644
1588	2088	0.311786
1589	2028	0.706434
1590	2049	0.905980
1591	1570	0.883738
1592	1172	0.591120
1593	2090	0.297648
1594	1219	0.488629
1595	1675	0.484421
1596	1685	0.714056
1597	2108	0.503858
1598	2315	0.943535
1599	1290	0.892184
1600	2128	0.376041
1601	2038	0.679395
1602	2088	0.530258
1603	853	0.213955
1604	878	0.272497
1605	745	0.994478
1606	878	0.431551
1607	1996	0.546059
1608	1103	0.445457
1609	758	0.831433
1610	826	0.737626
1611	2184	0.532742
1612	1856	0.549409
1613	2024	0.439226
1614	1895	0.627255
1615	2060	0.648168
1616	2229	0.490441
1617	2229	0.420774
1618	983	0.600254
1619	2083	0.464381
1620	2055	0.530052
1621	1919	0.330005
1622	2193	0.514628
1623	1779	0.791142
1624	1725	0.415867
1625	1892	0.666724
1626	2053	0.842650
1627	1675	0.400285
1628	2137	0.348128
1629	1895	0.592060
1630	1937	0.713889
1631	2171	0.473310
1632	1723	0.479893
1633	2084	0.298732
1634	1937	0.914801
1635	1655	0.487255
1636	889	0.399577
1637	2242	0.258814
1638	1929	0.887363
1639	826	0.862249
1640	1133	0.347017
1641	2206	0.467849
1642	2134	0.350570
1643	1719	0.335350
1644	1315	0.877138
1645	1678	0.627617
1646	2206	0.443804
1647	2374	0.392499
1648	901	0.193990
1649	1678	0.333723
1650	2153	0.447023
1651	1937	0.923014
1652	1549	0.704435
1653	2157	0.507138
1654	1863	0.352600
1655	1678	0.909221
1656	2173	0.480555
1657	1937	0.925487
1658	1806	0.590348
1659	972	0.648039
1660	2229	0.700900
1661	2315	0.636090
1662	1806	0.798142
1663	1663	0.498916
1664	873	0.450369
1665	1118	0.340806
1666	902	0.312439
1667	2215	0.261817
1668	2135	0.742514
1669	2217	0.292224
1670	2278	0.446259
1671	2177	0.207373
1672	2107	0.782936
1673	889	0.338575
1674	2172	0.739494
1675	1868	0.639587
1676	1058	0.315257
1677	1260	0.806816
1678	2174	0.438956
1679	2144	0.546936
1680	2069	0.796646
1681	1977	0.203345
1682	1570	0.357496
1683	2122	0.369619
1684	1036	0.558397
1685	757	0.277490
1686	972	0.885146
1687	983	0.603869
1688	758	0.421574
1689	2164	0.291755
1690	972	0.746602
1691	730	0.974189
1692	2273	0.327738
1693	1570	0.598717
1694	1570	0.610951
1695	1315	0.435624
1696	2164	0.253785
1697	1894	0.985098
1698	1655	0.321899
1699	1868	0.751884
1700	2018	0.410199
1701	1444	0.496652
1702	2093	0.516359
1703	1036	0.763658
1704	1839	0.522649
1705	1667	0.442258
1706	2174	0.446073
1707	2248	0.693804
1708	1796	0.391642
1709	2057	0.635437
1710	2283	0.327105
1711	1078	0.317217
1712	2059	0.588254
1713	1987	0.322159
1714	1852	0.977284
1715	2263	0.429235
1716	2228	0.317306
1717	2335	0.244952
1718	1838	0.724974
1719	2143	0.291493
1720	1292	0.892141
1721	2284	0.812791
1722	2172	0.405012
1723	874	0.926850
1724	1852	0.965697
1725	2184	0.612709
1726	2303	0.384637
1727	1240	0.472714
1728	920	0.403404
1729	2122	0.763464
1730	2374	0.527695
1731	2205	0.685053
1732	1007	0.520696
1733	2142	0.550096
1734	2135	0.518608
1735	972	0.379407
1736	2356	0.470339
1737	1180	0.590819
1738	1144	0.735292
1739	1036	0.549937
1740	1072	0.550699
1741	2356	0.472864
1742	2135	0.482536
1743	2122	0.687557
1744	2040	0.395339
1745	2346	0.438223
1746	2335	0.459555
1747	1249	0.391055
1748	1894	0.550485
1749	2231	0.533787
1750	2130	0.458612
1751	2205	0.838032
1752	968	0.616724
1753	2057	0.430902
1754	1083	0.418929
1755	2057	0.763808
1756	2585	0.680333
1757	1292	0.602493
1758	826	0.940007
1759	2356	0.678143
1760	826	0.421392
1761	1087	0.474835
1762	1113	0.462431
1763	2122	0.932791
1764	1134	0.776434
1765	1072	0.600815
1766	2609	0.910439
1767	2075	0.560707
1768	1103	0.402036
1769	763	0.543625
1770	1315	0.799124
1771	1613	0.335765
1772	1796	0.882001
1773	2240	0.199978
1774	730	0.807342
1775	1249	0.452579
1776	1137	0.922270
1777	2616	0.600688
1778	1151	0.509338
1779	1151	0.641287
1780	2592	0.561861
1781	2585	0.873141
1782	763	0.886327
1783	1972	0.366929
1784	1907	0.639555
1785	1613	0.332898
1786	2356	0.801580
1787	2264	0.458313
1788	2231	0.776683
1789	2304	0.671745
1790	2585	0.638992
1791	1249	0.476384
1792	1660	0.343204
1793	2585	0.801839
1794	1743	0.156855
1795	1631	0.325693
1796	2633	0.769109
1797	2142	0.771712
1798	1975	0.324194
1799	2335	0.883088
1800	2616	0.579985
1801	2149	0.342200
1802	1088	0.689624
1803	2231	0.996710
1804	2605	0.828615
1805	1839	0.849831
1806	2263	0.500452
1807	750	0.309390
1808	2267	0.452614
1809	1907	0.520014
1810	1605	0.709353
1811	1137	0.870234
1812	1839	0.827119
1813	1839	0.827119
1814	2214	0.363036
1815	968	0.600889
1816	1951	0.402990
1817	1793	0.462741
1818	2264	0.573913
1819	1201	0.552848
1820	2045	0.599054
1821	2609	0.974971
1822	2649	0.548828
1823	1882	0.372154
1824	2397	0.431965
1825	2263	0.494525
1826	2592	0.824741
1827	2401	0.993502
1828	1798	0.528017
1829	2167	0.769127
1830	2284	0.953127
1831	2045	0.419516
1832	1839	0.593735
1833	1040	0.899000
1834	1914	0.547685
1835	1040	0.904784
1836	2228	0.374429
1837	1366	0.703783
1838	1631	0.298446
1839	2235	0.273544
1840	2592	0.723069
1841	1946	0.373400
1842	1882	0.442329
1843	2309	0.571905
1844	786	0.474975
1845	2167	0.768001
1846	2609	0.439610
1847	1087	0.394814
1848	1040	0.582367
1849	1040	0.728513
1850	1570	0.455010
1851	2228	0.477368
1852	1201	0.524683
1853	2231	0.916604
1854	1319	0.528939
1855	874	0.742362
1856	2401	0.958648
1857	2167	0.706790
1858	1366	0.879349
1859	1134	0.402728
1860	826	0.951554
1861	1590	0.408645
1862	2312	0.795951
1863	1366	0.876330
1864	2348	0.495439
1865	1914	0.683666
1866	1072	0.431768
1867	2350	0.423538
1868	2404	0.811414
1869	786	0.549601
1870	2350	0.323454
1871	768	0.708369
1872	932	0.388185
1873	2264	0.428157
1874	1525	0.324640
1875	2633	0.652831
1876	2033	0.343670
1877	2309	0.653994
1878	2403	0.307720
1879	2446	0.740303
1880	2456	0.720535
1881	2592	0.715034
1882	2389	0.337426
1883	2256	0.503612
1884	2633	0.912297
1885	1883	0.596261
1886	1765	0.331140
1887	1878	0.358670
1888	932	0.395393
1889	1838	0.377805
1890	1918	0.394569
1891	874	0.740559
1892	2308	0.442684
1893	1468	0.407135
1894	1914	0.746248
1895	2305	0.841551
1896	1901	0.411650
1897	2376	0.262212
1898	2311	0.471586
1899	858	0.326237
1900	2216	0.385278
1901	1918	0.455786
1902	2605	0.831114
1903	1605	0.882430
1904	1867	0.298514
1905	990	0.967668
1906	1590	0.533590
1907	2284	0.778036
1908	2401	0.944832
1909	2321	0.483167
1910	2356	0.328278
1911	2318	0.494038
1912	990	0.976175
1913	2175	0.529635
1914	2446	0.864346
1915	2417	0.534948
1916	2386	0.460631
1917	2318	0.597804
1918	2446	0.462659
1919	2404	0.940719
1920	2389	0.651300
1921	2401	0.993146
1922	1314	0.518745
1923	1094	0.358607
1924	1846	0.727333
1925	2404	0.990593
1926	2440	0.339349
1927	2045	0.335267
1928	1902	0.600314
1929	2408	0.363595
1930	2354	0.854773
1931	2357	0.485300
1932	1883	0.480392
1933	2045	0.501764
1934	2401	0.980080
1935	2361	0.299104
1936	2289	0.841549
1937	1331	0.551064
1938	1347	0.621823
1939	1398	0.481220
1940	1605	0.649809
1941	1846	0.482589
1942	1726	0.399629
1943	1540	0.824134
1944	2375	0.522360
1945	1540	0.871991
1946	1134	0.709591
1947	2305	0.760042
1948	2175	0.793019
1949	2160	0.582827
1950	1009	0.619104
1951	2277	0.243603
1952	2417	0.479476
1953	1345	0.648365
1954	2404	0.987775
1955	1291	0.685002
1956	2354	0.868193
1957	2364	0.713062
1958	1345	0.484616
1959	2005	0.305200
1960	2160	0.570628
1961	1605	0.923584
1962	1287	0.631028
1963	1540	0.800054
1964	1398	0.393841
1965	2064	0.414823
1966	2118	0.425693
1967	1029	0.831102
1968	2375	0.560486
1969	1331	0.415172
1970	1151	0.516087
1971	2062	0.607796
1972	1199	0.685067
1973	1831	0.516457
1974	2306	0.447451
1975	2656	0.595479
1976	2354	0.865222
1977	1527	0.620431
1978	2647	0.424104
1979	2364	0.561845
1980	2718	0.469557
1981	1256	0.730631
1982	2417	0.803512
1983	2417	0.795995
1984	2458	0.665463
1985	1314	0.853693
1986	1496	0.402356
1987	1029	0.849249
1988	1556	0.795645
1989	1287	0.582070
1990	2473	0.552684
1991	2160	0.829748
1992	2398	0.329021
1993	2354	0.934048
1994	1147	0.389699
1995	1617	0.431813
1996	2318	0.524698
1997	990	0.960286
1998	1523	0.478177
1999	1983	0.893481
2000	2414	0.362572
2001	2458	0.366664
2002	2495	0.304816
2003	2068	0.330206
2004	1556	0.528096
2005	1811	0.559111
2006	844	0.651324
2007	1470	0.773864
2008	2122	0.597372
2009	1800	0.653179
2010	1713	0.405272
2011	2631	0.649392
2012	1470	0.961272
2013	2334	0.412597
2014	2694	0.536979
2015	1786	0.375592
2016	1598	0.677877
2017	2405	0.423523
2018	1983	0.869986
2019	2006	0.277855
2020	2495	0.344141
2021	1598	0.825317
2022	856	0.849680
2023	2631	0.455945
2024	2436	0.407005
2025	2664	0.359018
2026	1468	0.616540
2027	2474	0.621373
2028	1959	0.404023
2029	2473	0.473374
2030	2097	0.326462
2031	2519	0.219424
2032	1855	0.331336
2033	1009	0.739339
2034	1788	0.575430
2035	1855	0.404688
2036	1788	0.587406
2037	2711	0.306780
2038	1960	0.376221
2039	2306	0.548055
2040	1960	0.430063
2041	1284	0.796663
2042	2351	0.375639
2043	2694	0.602597
2044	2470	0.572388
2045	1534	0.873609
2046	1203	0.335645
2047	2656	0.592855
2048	2473	0.415759
2049	1284	0.653851
2050	2654	0.580714
2051	2351	0.432935
2052	1625	0.987865
2053	2062	0.718712
2054	1009	0.629559
2055	2026	0.306710
2056	1617	0.716948
2057	2674	0.438833
2058	906	0.682824
2059	1980	0.558848
2060	2062	0.668341
2061	2097	0.333488
2062	1094	0.341123
2063	2061	0.733875
2064	2518	0.327216
2065	2530	0.769363
2066	1094	0.453210
2067	2426	0.583554
2068	2467	0.667112
2069	2503	0.451219
2070	1421	0.364731
2071	1689	0.596972
2072	997	0.223443
2073	1990	0.550542
2074	2454	0.875043
2075	2489	0.874200
2076	2530	0.659962
2077	2010	0.294541
2078	2382	0.421855
2079	2417	0.540878
2080	1094	0.445389
2081	2470	0.533160
2082	2417	0.430223
2083	2467	0.503474
2084	2417	0.298960
2085	2518	0.391855
2086	2656	0.694444
2087	1032	0.672876
2088	2456	0.444745
2089	2121	0.420370
2090	2474	0.924309
2091	2392	0.543844
2092	2126	0.759531
2093	1625	0.834773
2094	2343	0.604094
2095	1483	0.276887
2096	2062	0.764479
2097	2541	0.354828
2098	1974	0.580811
2099	1483	0.318421
2100	2062	0.765585
2101	1980	0.391406
2102	1771	0.559721
2103	2398	0.429121
2104	2473	0.680152
2105	906	0.478349
2106	2118	0.578323
2107	2487	0.363648
2108	1147	0.850505
2109	1990	0.635065
2110	1236	0.688703
2111	2470	0.514530
2112	2499	0.317717
2113	1771	0.813325
2114	2061	0.532601
2115	1771	0.870436
2116	1157	0.499973
2117	2541	0.355297
2118	2464	0.400118
2119	2371	0.505635
2120	2402	0.313856
2121	1855	0.808325
2122	2160	0.451070
2123	1488	0.851630
2124	2674	0.731666
2125	2464	0.430483
2126	2503	0.585687
2127	940	0.440775
2128	2516	0.411070
2129	1837	0.370497
2130	2125	0.479969
2131	2487	0.672700
2132	2438	0.343664
2133	1480	0.581225
2134	2518	0.458238
2135	2487	0.402776
2136	1178	0.600479
2137	2674	0.717589
2138	1771	0.610369
2139	2521	0.453264
2140	2690	0.384039
2141	2337	0.690323
2142	1588	0.545597
2143	2497	0.558636
2144	1178	0.602278
2145	2508	0.570311
2146	2674	0.668181
2147	2543	0.485400
2148	2474	0.934647
2149	1554	0.787757
2150	1245	0.664772
2151	2504	0.496720
2152	2534	0.757282
2153	1425	0.293061
2154	2343	0.664421
2155	1636	0.745258
2156	1990	0.428055
2157	2539	0.508115
2158	2467	0.719423
2159	1689	0.582901
2160	2722	0.885328
2161	1236	0.820744
2162	2711	0.530396
2163	2516	0.829210
2164	2253	0.531665
2165	1837	0.576985
2166	2521	0.423000
2167	2413	0.473581
2168	2125	0.610970
2169	2466	0.617081
2170	2481	0.483128
2171	2450	0.446992
2172	2349	0.550017
2173	2670	0.431325
2174	2693	0.514352
2175	2657	0.613433
2176	2022	0.285845
2177	1980	0.446837
2178	2516	0.911202
2179	2577	0.740002
2180	2200	0.614376
2181	2466	0.380293
2182	2151	0.514259
2183	1236	0.886263
2184	1923	0.466036
2185	2505	0.740651
2186	2508	0.581204
2187	2371	0.757484
2188	2520	0.485684
2189	2690	0.348038
2190	1002	0.321471
2191	1086	0.585417
2192	1690	0.536789
2193	2523	0.547361
2194	1002	0.337364
2195	1268	0.365211
2196	2503	0.465571
2197	1245	0.627231
2198	2457	0.815224
2199	1480	0.640083
2200	1932	0.324498
2201	2766	0.849497
2202	1554	0.987039
2203	2711	0.397810
2204	2695	0.529507
2205	2146	0.893279
2206	1499	0.263782
2207	2340	0.371271
2208	2146	0.753231
2209	1266	0.398253
2210	2253	0.461905
2211	1821	0.819196
2212	1480	0.695677
2213	2766	0.938442
2214	2371	0.542311
2215	915	0.333720
2216	2722	0.956019
2217	1980	0.375129
2218	2718	0.968793
2219	2579	0.523053
2220	2512	0.396514
2221	2524	0.634966
2222	2506	0.522741
2223	2330	0.410074
2224	2146	0.932387
2225	1780	0.469969
2226	2098	0.511366
2227	2474	0.649570
2228	1023	0.591978
2229	2657	0.629898
2230	2657	0.600305
2231	2722	0.988906
2232	2525	0.647898
2233	996	0.776999
2234	1329	0.486245
2235	2516	0.639627
2236	2200	0.907286
2237	2718	0.906780
2238	2628	0.383291
2239	1931	0.449590
2240	2740	0.589111
2241	1923	0.317259
2242	2521	0.840494
2243	915	0.669717
2244	1636	0.597410
2245	2276	0.450699
2246	2639	0.313345
2247	2604	0.555102
2248	2722	0.976708
2249	2766	0.934731
2250	2146	0.970914
2251	2572	0.363136
2252	2522	0.517100
2253	1554	0.990900
2254	2116	0.964271
2255	2770	0.636211
2256	2056	0.320617
2257	1206	0.629377
2258	2562	0.488858
2259	2561	0.471577
2260	2472	0.594270
2261	1463	0.285197
2262	1821	0.976182
2263	2345	0.547101
2264	2521	0.817615
2265	1780	0.234623
2266	2559	0.382750
2267	2538	0.421247
2268	2445	0.330688
2269	2740	0.846396
2270	2527	0.627613
2271	2521	0.314617
2272	2638	0.339874
2273	2271	0.415685
2274	2722	0.948825
2275	2604	0.768973
2276	2457	0.936775
2277	2638	0.298438
2278	2670	0.389808
2279	2575	0.466776
2280	2608	0.299686
2281	2371	0.703325
2282	2551	0.288031
2283	2504	0.536647
2284	2769	0.447870
2285	1690	0.258050
2286	1261	0.477979
2287	2528	0.653086
2288	1237	0.511279
2289	2630	0.295930
2290	2726	0.493409
2291	1465	0.350889
2292	2668	0.306928
2293	2497	0.404823
2294	1583	0.502327
2295	2561	0.458114
2296	2445	0.375445
2297	1804	0.246699
2298	2553	0.355935
2299	2566	0.519845
2300	2523	0.722618
2301	1428	0.939615
2302	1661	0.428734
2303	1491	0.520792
2304	1428	0.950951
2305	1813	0.402527
2306	1821	0.800171
2307	2768	0.483775
2308	2522	0.478843
2309	2678	0.325335
2310	2328	0.628321
2311	2537	0.369771
2312	2577	0.765540
2313	2604	0.953064
2314	2596	0.724475
2315	2571	0.530638
2316	1583	0.916995
2317	2762	0.451661
2318	1694	0.370923
2319	2339	0.443973
2320	2271	0.490762
2321	2621	0.637059
2322	2017	0.496552
2323	1656	0.400336
2324	2194	0.827809
2325	2740	0.878351
2326	2345	0.282326
2327	2638	0.330355
2328	1278	0.636624
2329	1661	0.863496
2330	1832	0.299967
2331	2194	0.628434
2332	1652	0.515951
2333	1717	0.689839
2334	2522	0.387166
2335	2328	0.967185
2336	2809	0.983015
2337	2200	0.389330
2338	1091	0.773754
2339	1091	0.773754
2340	1385	0.444865
2341	2768	0.478950
2342	2238	0.563415
2343	2726	0.575801
2344	2726	0.575801
2345	2678	0.394954
2346	2604	0.923143
2347	1583	0.963360
2348	2610	0.501503
2349	2610	0.501503
2350	2506	0.673056
2351	1813	0.539860
2352	1391	0.761222
2353	2640	0.307783
2354	1237	0.426803
2355	1297	0.549629
2356	1813	0.601496
2357	2445	0.369469
2358	2768	0.458059
2359	1297	0.475332
2360	2449	0.446193
2361	2730	0.385873
2362	2480	0.298096
2363	2726	0.506537
2364	1687	0.489514
2365	1813	0.675049
2366	2620	0.820614
2367	2809	0.957233
2368	2594	0.625180
2369	1138	0.639250
2370	1391	0.895588
2371	2598	0.502818
2372	2506	0.858644
2373	2488	0.299637
2374	2678	0.309329
2375	2013	0.282992
2376	2768	0.738793
2377	2773	0.295055
2378	2194	0.584123
2379	1278	0.341076
2380	1391	0.829625
2381	2589	0.432043
2382	2821	0.731161
2383	2709	0.425273
2384	2328	0.577287
2385	2003	0.320273
2386	1339	0.502444
2387	1104	0.511319
2388	2770	0.364663
2389	2581	0.460602
2390	1694	0.321914
2391	2646	0.379790
2392	1339	0.657263
2393	2589	0.711649
2394	1339	0.697511
2395	2637	0.975174
2396	2238	0.508655
2397	2770	0.422317
2398	2599	0.702358
2399	2238	0.375880
2400	1700	0.376263
2401	2640	0.369609
2402	2041	0.258985
2403	2809	0.888554
2404	2536	0.422518
2405	2285	0.794040
2406	996	0.785449
2407	2614	0.700582
2408	1700	0.471172
2409	2449	0.470488
2410	2632	0.834559
2411	2194	0.402377
2412	2003	0.258115
2413	2768	0.796037
2414	2626	0.398399
2415	2212	0.397854
2416	2336	0.422744
2417	2427	0.356111
2418	2132	0.759185
2419	2599	0.681586
2420	1306	0.676270
2421	2610	0.557376
2422	2599	0.445489
2423	2604	0.889722
2424	2709	0.521432
2425	2743	0.574518
2426	996	0.771988
2427	2783	0.447929
2428	2449	0.515123
2429	1934	0.385295
2430	2387	0.823419
2431	2285	0.714758
2432	2427	0.433528
2433	2271	0.347892
2434	2442	0.322974
2435	1963	0.792979
2436	1976	0.649028
2437	2327	0.416085
2438	1764	0.465477
2439	2557	0.306468
2440	2496	0.337095
2441	2510	0.839239
2442	2120	0.389457
2443	2314	0.538849
2444	2798	0.942064
2445	1339	0.861722
2446	1316	0.713662
2447	2455	0.645013
2448	1833	0.410320
2449	2703	0.726375
2450	2287	0.379792
2451	2745	0.394837
2452	1316	0.647644
2453	2663	0.414107
2454	2387	0.761932
2455	1963	0.854449
2456	2601	0.946405
2457	2817	0.602803
2458	2601	0.660731
2459	2327	0.660645
2460	2589	0.509774
2461	1154	0.953473
2462	1733	0.400094
2463	2802	0.412147
2464	2768	0.634765
2465	2689	0.639976
2466	2791	0.333474
2467	2660	0.509028
2468	1154	0.917736
2469	2445	0.350299
2470	2560	0.636146
2471	2802	0.407369
2472	2433	0.406823
2473	2367	0.375535
2474	2821	0.819772
2475	2716	0.554066
2476	1297	0.454000
2477	1785	0.320949
2478	1661	0.491298
2479	2162	0.517327
2480	2623	0.939832
2481	1778	0.454570
2482	2680	0.297425
2483	2709	0.663856
2484	2387	0.578732
2485	1526	0.613711
2486	2743	0.589370
2487	2615	0.297283
2488	2802	0.278460
2489	2624	0.413246
2490	2427	0.385026
2491	1306	0.946321
2492	2455	0.859219
2493	2621	0.611490
2494	2106	0.440994
2495	2817	0.529665
2496	2642	0.379017
2497	1583	0.494962
2498	2678	0.575439
2499	1833	0.620348
2500	2719	0.956819
2501	2415	0.400152
2502	2629	0.464943
2503	2818	0.379325
2504	2784	0.468160
2505	2818	0.324024
2506	1922	0.727290
2507	2677	0.726278
2508	2787	0.444367
2509	2314	0.598642
2510	1898	0.559402
2511	2120	0.493620
2512	2560	0.642071
2513	1812	0.331473
2514	1306	0.513209
2515	1579	0.451344
2516	2817	0.555492
2517	2314	0.667373
2518	2702	0.374877
2519	2415	0.433457
2520	2546	0.504266
2521	2582	0.450753
2522	2719	0.721794
2523	2237	0.629801
2524	2703	0.979337
2525	2724	0.620018
2526	2685	0.858859
2527	1196	0.842772
2528	1196	0.936039
2529	2341	0.821485
2530	2513	0.854865
2531	2342	0.572752
2532	2735	0.414730
2533	2824	0.396005
2534	2455	0.507884
2535	1429	0.728787
2536	1433	0.416413
2537	1196	0.903367
2538	2651	0.613913
2539	1823	0.484619
2540	2746	0.652042
2541	2696	0.488068
2542	2642	0.361755
2543	2773	0.448084
2544	2629	0.461802
2545	2363	0.586749
2546	2247	0.384796
2547	2209	0.608836
2548	2734	0.612231
2549	2784	0.615188
2550	1812	0.480577
2551	2635	0.365354
2552	2360	0.290667
2553	2724	0.336894
2554	2637	0.454563
2555	2578	0.654110
2556	2827	0.271807
2557	2797	0.926255
2558	2845	0.424696
2559	2685	0.952426
2560	2810	0.188230
2561	1429	0.551455
2562	2120	0.412883
2563	2725	0.553586
2564	2641	0.536026
2565	2710	0.519797
2566	2734	0.664609
2567	2442	0.412436
2568	1462	0.432544
2569	2517	0.844771
2570	2799	0.597889
2571	2700	0.275648
2572	2651	0.655705
2573	1674	0.303060
2574	1500	0.416579
2575	2629	0.548643
2576	2797	0.954782
2577	2578	0.606190
2578	2255	0.385018
2579	2501	0.743271
2580	2820	0.851798
2581	2071	0.851203
2582	2071	0.887087
2583	2843	0.320369
2584	2739	0.469881
2585	2544	0.741765
2586	2855	0.349819
2587	2724	0.418756
2588	2629	0.579962
2589	2843	0.375674
2590	1462	0.496119
2591	2255	0.497064
2592	2847	0.430381
2593	2261	0.854347
2594	2363	0.831818
2595	2255	0.263035
2596	2752	0.249470
2597	2739	0.540427
2598	2641	0.479024
2599	1773	0.333795
2600	1770	0.460817
2601	1559	0.495686
2602	1610	0.308629
2603	2360	0.778259
2604	1722	0.711577
2605	2517	0.894128
2606	1500	0.574677
2607	2462	0.363673
2608	2517	0.437999
2609	2502	0.562055
2610	2039	0.418676
2611	2255	0.441525
2612	2255	0.552691
2613	1486	0.522733
2614	2685	0.903229
2615	2749	0.386598
2616	2749	0.386598
2617	2501	0.551960
2618	1354	0.496326
2619	2420	0.326025
2620	2461	0.425023
2621	1354	0.441440
2622	2360	0.597279
2623	2584	0.779195
2624	2683	0.558637
2625	2737	0.596411
2626	2849	0.513777
2627	2747	0.394860
2628	1354	0.491993
2629	2578	0.493813
2630	2517	0.933851
2631	2261	0.657739
2632	2378	0.668498
2633	2378	0.777405
2634	2478	0.676161
2635	1785	0.414634
2636	2685	0.752104
2637	1358	0.618520
2638	2641	0.655709
2639	2429	0.821328
2640	2429	0.824182
2641	2517	0.924138
2642	1606	0.486801
2643	2728	0.305801
2644	2517	0.561720
2645	2453	0.391626
2646	2691	0.959791
2647	2517	0.438570
2648	2544	0.686448
2649	2221	0.581325
2650	2478	0.720972
2651	2696	0.206256
2652	2839	0.807436
2653	1970	0.508396
2654	2478	0.484271
2655	2532	0.891904
2656	1354	0.353186
2657	2849	0.749525
2658	2532	0.700731
2659	2532	0.700841
2660	2502	0.685795
2661	2532	0.840109
2662	2517	0.787434
2663	1632	0.457678
2664	1500	0.446399
2665	2751	0.482842
2666	2209	0.459270
2667	2739	0.655617
2668	2241	0.600374
2669	2734	0.828911
2670	2249	0.486652
2671	2775	0.436930
2672	2643	0.376152
2673	2341	0.733829
2674	2478	0.636385
2675	2468	0.781706
2676	2429	0.709673
2677	1773	0.563561
2678	2825	0.440326
2679	2767	0.396770
2680	2736	0.405665
2681	2708	0.432876
2682	2849	0.663535
2683	2686	0.384524
2684	2593	0.340840
2685	2607	0.701328
2686	2734	0.609074
2687	2461	0.702213
2688	2261	0.459972
2689	2221	0.584988
2690	1500	0.433795
2691	2715	0.292712
2692	2765	0.343288
2693	1544	0.398426
2694	2746	0.567265
2695	2839	0.679794
2696	2418	0.746092
2697	2434	0.358766
2698	1745	0.420286
2699	1824	0.391098
2700	2461	0.726748
2701	2071	0.486126
2702	2788	0.497069
2703	2607	0.888868
2704	2767	0.495066
2705	2683	0.672276
2706	2686	0.310856
2707	2650	0.435229
2708	2854	0.936435
2709	1745	0.500008
2710	1770	0.500045
2711	2831	0.420813
2712	1851	0.359200
2713	2666	0.325027
2714	2746	0.487043
2715	2648	0.309576
2716	2378	0.605583
2717	2775	0.590809
2718	2720	0.360366
2719	2846	0.385122
2720	2801	0.478975
2721	2648	0.306327
2722	1824	0.411204
2723	2729	0.918028
2724	2808	0.815622
2725	2302	0.750423
2726	2666	0.266724
2727	2867	0.621091
2728	2854	0.907879
2729	1606	0.543539
2730	2765	0.445984
2731	2704	0.476398
2732	2291	0.607254
2733	2734	0.663593
2734	2799	0.817928
2735	2866	0.713560
2736	2755	0.483252
2737	2808	0.905013
2738	2788	0.329586
2739	2715	0.734784
2740	2854	0.568297
2741	2733	0.648895
2742	1936	0.729269
2743	2782	0.493666
2744	2044	0.733439
2745	2224	0.767325
2746	2794	0.523639
2747	2224	0.785461
2748	2035	0.454785
2749	2831	0.297227
2750	1835	0.427051
2751	2780	0.236657
2752	2211	0.366975
2753	2224	0.656357
2754	2767	0.528276
2755	2729	0.425416
2756	2852	0.349445
2757	1997	0.455163
2758	2317	0.423989
2759	2744	0.653444
2760	2866	0.311175
2761	2756	0.456953
2762	2329	0.635735
2763	2329	0.407607
2764	2876	0.349622
2765	2803	0.744991
2766	2776	0.349634
2767	2224	0.631135
2768	2872	0.928722
2769	2887	0.477805
2770	2780	0.327577
2771	2875	0.532683
2772	2044	0.763777
2773	2846	0.433682
2774	2761	0.862331
2775	2759	0.733943
2776	2265	0.761456
2777	2808	0.754365
2778	2868	0.399390
2779	2782	0.767808
2780	2000	0.348847
2781	2124	0.384979
2782	2801	0.466634
2783	2230	0.477328
2784	2043	0.635938
2785	2822	0.598106
2786	2835	0.637344
2787	2867	0.498879
2788	2000	0.345157
2789	2239	0.474477
2790	2806	0.300013
2791	2872	0.830187
2792	2096	0.865984
2793	2888	0.421231
2794	2792	0.559131
2795	1997	0.495238
2796	2780	0.314884
2797	2870	0.352496
2798	2074	0.386015
2799	2233	0.531302
2800	1992	0.296227
2801	2780	0.488693
2802	2037	0.358020
2803	2812	0.471945
2804	2876	0.878882
2805	1988	0.657041
2806	2792	0.553988
2807	2807	0.555864
2808	2876	0.658646
2809	2154	0.406868
2810	2816	0.534810
2811	2909	0.877066
2812	2880	0.399598
2813	2233	0.494876
2814	2887	0.766665
2815	2805	0.933206
2816	2154	0.332323
2817	2210	0.679761
2818	2136	0.336573
2819	2265	0.534765
2820	2136	0.504259
2821	2239	0.635752
2822	2136	0.500486
2823	2265	0.562594
2824	1997	0.457486
2825	2880	0.353873
2826	2887	0.731405
2827	2243	0.548026
2828	2233	0.616750
2829	2136	0.499159
2830	2243	0.549684
2831	2239	0.608878
2832	2803	0.575248
2833	2288	0.456774
2834	2888	0.634976
2835	2210	0.670141
2836	2814	0.682576
2837	2900	0.253096
2838	2805	0.570088
2839	2823	0.733328
2840	2838	0.235621
2841	2823	0.746696
2842	2816	0.576141
2843	2856	0.744733
2844	2816	0.426917
2845	2858	0.871273
2846	2170	0.870521
2847	2169	0.545200
2848	2286	0.559038
2849	2835	0.693891
2850	2286	0.407885
2851	2888	0.502965
2852	2260	0.555481
2853	2201	0.627413
2854	2814	0.457641
2855	2915	0.793163
2856	2170	0.448164
2857	2186	0.486690
2858	2251	0.694392
2859	2804	0.577470
2860	2822	0.589498
2861	2816	0.609545
2862	2838	0.219196
2863	2805	0.495649
2864	2841	0.256188
2865	2853	0.859078
2866	2886	0.906174
2867	2857	0.687944
2868	2823	0.957203
2869	2945	0.324181
2870	2930	0.590772
2871	2823	0.835564
2872	2857	0.752794
2873	2829	0.375609
2874	2848	0.996026
2875	2863	0.871262
2876	2936	0.402202
2877	2861	0.630966
2878	2863	0.828946
2879	2925	0.768701
2880	2924	0.410378
2881	2938	0.552008
2882	2925	0.954939
2883	2861	0.835291
2884	2897	0.474404
2885	2925	0.993286
2886	2861	0.657268
2887	2938	0.425266
2888	2930	0.666346
2889	2871	0.398650
2890	2850	0.521241
2891	2857	0.487513
2892	2929	0.340323
2893	2861	0.495303
2894	2829	0.301167
2895	2861	0.524149
2896	2923	0.333678
2897	2884	0.325962
2898	2923	0.288126
2899	2882	0.409851
2900	2882	0.409851
2901	2898	0.436645
2902	2943	0.368155
2903	2898	0.700258
2904	2895	0.387037
2905	2934	0.228254
2906	2934	0.377513
2907	2928	0.627576
2908	2941	0.361893
2909	2897	0.540170
2910	2947	0.286563
2911	2892	0.931802
2912	2897	0.603402
2913	2889	0.964921
2914	2889	0.884262
2915	2906	0.372948
2916	2935	0.600067
2917	2890	0.443765
2918	2928	0.492518
2919	2932	0.673627
2920	2954	0.377212
2921	2950	0.712600
2922	2914	0.736056
2923	2914	0.936205
2924	2918	0.346023
2925	2967	0.940490
2926	2921	0.757629
2927	2933	0.897109
2928	2922	0.456803
2929	2912	0.685579
2930	2967	0.855621
2931	2933	0.571094
2932	2927	0.351341
2933	2898	0.683425
2934	2907	0.667574
2935	2907	0.442144
2936	2935	0.441164
2937	2927	0.426191
2938	2907	0.506710
2939	2958	0.637741
2940	2940	0.399302
2941	2907	0.783705
2942	2919	0.379331
2943	2932	0.679518
2944	2970	0.362285
2945	2944	0.747718
2946	2918	0.348966
2947	2931	0.303548
2948	2914	0.522862
2949	2922	0.813516
2950	2953	0.477155
2951	2942	0.411183
2952	2975	0.490155
2953	2975	0.437613
2954	2889	0.594795
2955	2931	0.618780
2956	2932	0.375040
2957	2944	0.556218
2958	2977	0.508280
2959	2907	0.433073
2960	2979	0.346958
2961	2964	0.366968
2962	2942	0.250614
2963	2958	0.419181
2964	2955	0.557547
2965	2957	0.315271
2966	2973	0.469943
2967	2965	0.681115
2968	2963	0.420476
2969	2955	0.628932
2970	2981	0.490573
2971	2968	0.374813
2972	2989	0.859802
2973	2965	0.842127
2974	2965	0.764938
2975	2983	0.342240
2976	2974	0.281866
2977	2986	0.683427
2978	2973	0.441109
2979	2981	0.589429
2980	2986	0.698598
2981	2980	0.364893
2982	2978	0.286533
2983	2987	0.268577
2984	2983	0.623146
2985	2974	0.326789
2986	2996	0.755124
2987	2992	0.412484
2988	2992	0.445299
2989	2994	0.652294
2990	2989	0.511157
2991	2988	0.508682
2992	2997	0.689051
2993	2984	0.598037
2994	2993	0.635660
2995	2985	0.273462
2996	2999	0.497286
2997	2994	0.679155
2998	2994	0.668382
2999	2988	0.503755
3000	2985	0.432504
