[n]	[m]	[probability]
1	48	0.599428
2	51	0.456052
3	48	0.379035
4	6	0.355669
5	45	0.345715
6	29	0.174761
7	57	0.332029
8	51	0.429499
9	57	0.645004
10	4	0.283436
11	57	0.483373
12	25	0.153344
13	55	0.353123
14	55	0.340348
15	8	0.249603
16	42	0.297877
17	66	0.379115
18	57	0.540980
19	51	0.380670
20	8	0.214187
21	8	0.212860
22	63	0.387096
23	66	0.326450
24	71	0.221248
25	61	0.353172
26	60	0.465685
27	30	0.169189
28	63	0.428619
29	44	0.419029
30	54	0.260555
31	30	0.188764
32	51	0.261874
33	90	0.546674
34	19	0.192687
35	19	0.212727
36	9	0.242715
37	61	0.355804
38	54	0.446412
39	44	0.128141
40	88	0.255286
41	73	0.267267
42	90	0.333437
43	65	0.633950
44	86	0.250755
45	84	0.287940
46	65	0.504112
47	88	0.379429
48	22	0.475584
49	22	0.243833
50	68	0.237262
51	90	0.383234
52	108	0.247428
53	107	0.427096
54	22	0.446739
55	110	0.503452
56	106	0.307961
57	106	0.350907
58	22	0.247943
59	113	0.892215
60	107	0.387026
61	123	0.465022
62	115	0.404342
63	123	0.538264
64	22	0.419262
65	115	0.456925
66	110	0.561286
67	125	0.391045
68	46	0.416356
69	121	0.511114
70	86	0.277641
71	118	0.577582
72	56	0.209136
73	142	0.252124
74	142	0.264045
75	132	0.355710
76	59	0.185162
77	123	0.294018
78	106	0.590416
79	121	0.305660
80	113	0.727618
81	46	0.316620
82	168	0.294912
83	130	0.293527
84	148	0.495564
85	113	0.479117
86	148	0.786779
87	92	0.240540
88	139	0.374342
89	105	0.359340
90	147	0.261509
91	78	0.168251
92	148	0.825385
93	146	0.379342
94	196	0.411494
95	139	0.308961
96	105	0.411474
97	150	0.360930
98	151	0.357635
99	117	0.340952
100	89	0.188999
101	166	0.400313
102	150	0.395653
103	153	0.622503
104	200	0.487424
105	117	0.403835
106	165	0.422045
107	128	0.373729
108	200	0.395337
109	144	0.386942
110	165	0.301517
111	166	0.490785
112	92	0.246218
113	161	0.396412
114	146	0.440694
115	200	0.547655
116	165	0.504558
117	165	0.231870
118	200	0.591112
119	146	0.430278
120	138	0.347250
121	138	0.347250
122	198	0.419344
123	147	0.495009
124	198	0.459833
125	148	0.513656
126	157	0.585108
127	179	0.409817
128	138	0.351336
129	131	0.459732
130	101	0.203421
131	150	0.427222
132	150	0.481505
133	156	0.483011
134	206	0.373427
135	179	0.359190
136	103	0.278637
137	180	0.596993
138	180	0.646869
139	97	0.384504
140	169	0.419992
141	199	0.374441
142	180	0.534287
143	157	0.517588
144	169	0.496559
145	104	0.268553
146	199	0.419643
147	213	0.485956
148	97	0.432521
149	191	0.577198
150	104	0.380536
151	104	0.374723
152	169	0.595288
153	127	0.274285
154	213	0.426669
155	149	0.252418
156	221	0.203608
157	212	0.336997
158	191	0.503162
159	191	0.824595
160	212	0.373133
161	192	0.422315
162	211	0.350767
163	104	0.316870
164	203	0.602621
165	191	0.640295
166	169	0.615989
167	206	0.553178
168	169	0.319888
169	191	0.663736
170	249	0.310951
171	111	0.299988
172	191	0.490399
173	235	0.296801
174	271	0.201060
175	229	0.299038
176	154	0.315006
177	249	0.398811
178	231	0.408603
179	155	0.411517
180	133	0.244568
181	169	0.304919
182	219	0.386673
183	235	0.247280
184	226	0.314954
185	209	0.378895
186	233	0.464739
187	256	0.603399
188	261	0.288303
189	133	0.250818
190	209	0.617148
191	231	0.385399
192	209	0.401950
193	232	0.531803
194	222	0.276090
195	268	0.315124
196	239	0.335815
197	261	0.359095
198	164	0.257494
199	159	0.216198
200	234	0.416155
201	152	0.286328
202	237	0.572419
203	152	0.294143
204	234	0.303566
205	254	0.634458
206	246	0.290641
207	152	0.292891
208	273	0.419196
209	189	0.217727
210	273	0.435289
211	298	0.488963
212	172	0.229858
213	189	0.293502
214	276	0.360255
215	283	0.847402
216	282	0.470277
217	254	0.385960
218	273	0.272374
219	265	0.645129
220	260	0.383011
221	273	0.473269
222	197	0.216551
223	181	0.306818
224	254	0.532187
225	298	0.720900
226	265	0.611406
227	260	0.403522
228	283	0.951647
229	265	0.582195
230	260	0.334562
231	242	0.277001
232	275	0.448735
233	267	0.491448
234	267	0.254571
235	237	0.370417
236	260	0.357752
237	250	0.345107
238	267	0.346470
239	254	0.384760
240	282	0.287574
241	333	0.241950
242	265	0.419773
243	204	0.280086
244	238	0.523301
245	340	0.198543
246	329	0.308895
247	238	0.385070
248	263	0.424883
249	298	0.570004
250	217	0.397427
251	298	0.619649
252	217	0.391734
253	310	0.184371
254	280	0.245624
255	263	0.285688
256	313	0.622124
257	325	0.297461
258	332	0.152238
259	280	0.417160
260	329	0.409316
261	308	0.217812
262	371	0.522806
263	289	0.266387
264	286	0.385412
265	313	0.582447
266	294	0.252580
267	348	0.243291
268	348	0.383004
269	329	0.442244
270	294	0.399414
271	355	0.446238
272	374	0.207323
273	340	0.271856
274	311	0.295987
275	248	0.180394
276	350	0.291983
277	289	0.441402
278	313	0.424209
279	333	0.311888
280	359	0.501189
281	374	0.255548
282	356	0.398835
283	326	0.251174
284	217	0.332369
285	385	0.448239
286	285	0.202090
287	356	0.330005
288	326	0.353865
289	385	0.530156
290	348	0.600828
291	286	0.368122
292	349	0.245677
293	285	0.171319
294	230	0.271387
295	355	0.762484
296	385	0.579731
297	322	0.159716
298	371	0.717563
299	385	0.689139
300	385	0.699681
301	346	0.324396
302	398	0.360015
303	355	0.568746
304	356	0.368635
305	341	0.260731
306	410	0.431167
307	373	0.392677
308	339	0.290965
309	345	0.259631
310	345	0.157447
311	289	0.381890
312	645	0.643548
313	645	0.503197
314	625	0.700522
315	659	0.427955
316	381	0.219274
317	659	0.504174
318	422	0.426549
319	625	0.492302
320	645	0.708079
321	339	0.196642
322	659	0.578522
323	380	0.599391
324	341	0.318140
325	658	0.470242
326	392	0.347808
327	341	0.309831
328	318	0.415232
329	616	0.418884
330	659	0.310286
331	364	0.322505
332	401	0.563806
333	354	0.170826
334	292	0.169194
335	625	0.373235
336	330	0.272445
337	625	0.383868
338	403	0.389942
339	710	0.353867
340	625	0.349009
341	631	0.534692
342	794	0.445585
343	322	0.166511
344	386	0.448263
345	789	0.715633
346	665	0.473835
347	352	0.560770
348	604	0.613176
349	401	0.305282
350	789	0.504186
351	354	0.348303
352	364	0.261333
353	360	0.227089
354	394	0.559212
355	373	0.392745
356	627	0.287316
357	364	0.310351
358	361	0.392881
359	394	0.601465
360	658	1.000000
361	403	0.217036
362	604	0.480518
363	604	0.445874
364	403	0.347793
365	398	0.235182
366	375	0.202190
367	665	1.000000
368	710	0.489644
369	354	0.419612
370	710	0.485459
371	627	0.332789
372	431	0.447219
373	330	0.368016
374	710	0.442727
375	630	0.319981
376	431	0.425856
377	439	0.398671
378	659	1.000000
379	432	0.421994
380	407	0.236340
381	383	0.515229
382	604	0.468836
383	463	0.615082
384	411	0.273437
385	393	0.358398
386	645	0.535182
387	380	0.482364
388	641	0.339951
389	451	0.246869
390	645	0.600093
391	383	0.546066
392	365	0.376831
393	607	0.341684
394	794	0.592449
395	383	0.365894
396	423	0.253817
397	398	0.384231
398	470	0.323104
399	471	0.233738
400	813	1.000000
401	391	0.391241
402	813	1.000000
403	674	0.770399
404	813	1.000000
405	386	0.759904
406	643	0.413957
407	480	0.186579
408	645	0.508888
409	439	0.297163
410	630	0.388899
411	643	0.482192
412	423	0.286501
413	403	0.314800
414	465	0.210175
415	415	0.413659
416	480	0.281576
417	383	0.369483
418	411	0.369692
419	449	0.393190
420	477	0.319552
421	503	0.370783
422	405	0.415249
423	386	0.746090
424	627	0.378664
425	339	0.279116
426	641	0.532649
427	405	0.391666
428	365	0.340204
429	813	1.000000
430	665	0.487612
431	420	0.347699
432	419	0.237135
433	479	0.349920
434	420	0.360516
435	427	0.421104
436	495	0.314098
437	420	0.389173
438	631	0.366889
439	437	0.355679
440	623	0.391969
441	408	0.444919
442	445	0.452004
443	496	0.403604
444	417	0.441751
445	639	0.306574
446	415	0.542739
447	485	0.304184
448	674	0.715831
449	419	0.300236
450	445	0.613416
451	794	0.622427
452	474	0.276425
453	650	0.725568
454	794	0.702358
455	391	0.355179
456	390	0.542270
457	665	0.543963
458	554	0.372773
459	511	0.555184
460	494	0.337207
461	502	0.191588
462	644	0.271912
463	480	0.449347
464	492	0.461265
465	424	0.219213
466	665	0.361433
467	493	0.221544
468	391	0.271820
469	538	0.284243
470	643	0.458940
471	507	0.351248
472	511	0.523312
473	436	0.168494
474	641	0.388729
475	789	0.467974
476	582	0.306458
477	665	0.466418
478	479	0.455302
479	491	0.484766
480	457	0.513459
481	630	0.409063
482	800	0.371777
483	460	0.247425
484	428	0.181226
485	419	0.240275
486	462	0.433417
487	694	0.397666
488	634	0.446271
489	524	0.452553
490	791	0.576066
491	415	0.443719
492	390	0.654197
493	443	0.360855
494	563	0.396779
495	794	0.456074
496	499	0.243890
497	665	0.537831
498	461	0.218632
499	675	0.178727
500	527	0.272687
501	523	0.484454
502	532	0.265959
503	800	0.438633
504	773	0.473726
505	527	0.414387
506	643	0.639202
507	882	0.354788
508	511	0.430411
509	443	0.416214
510	675	0.307338
511	561	0.360012
512	632	0.505954
513	685	0.238141
514	510	0.285655
515	511	0.605648
516	425	0.255963
517	527	0.374640
518	515	0.543553
519	447	0.351439
520	618	0.229469
521	580	0.498481
522	447	0.320414
523	785	0.313979
524	865	0.319504
525	390	0.558364
526	447	0.391914
527	524	0.231808
528	561	0.428511
529	447	0.421805
530	626	0.343258
531	457	0.440027
532	773	0.409285
533	883	0.441977
534	665	0.464783
535	524	0.588583
536	447	0.364774
537	609	0.241316
538	517	0.219113
539	532	0.287412
540	447	0.463806
541	472	0.321578
542	412	0.499731
543	685	0.243068
544	665	0.432828
545	602	0.308157
546	743	0.485911
547	602	0.352194
548	508	0.455952
549	475	0.307688
550	773	0.514780
551	508	0.397594
552	509	0.290562
553	563	0.184356
554	761	0.243983
555	562	0.205971
556	425	0.310557
557	412	0.621148
558	523	0.362521
559	832	1.000000
560	784	0.296781
561	791	0.515062
562	791	0.296483
563	732	0.281550
564	509	0.288781
565	634	0.447654
566	726	0.314717
567	649	0.618531
568	560	0.199398
569	546	0.370714
570	486	0.204060
571	589	0.213253
572	832	1.000000
573	813	1.000000
574	561	0.273981
575	580	0.917934
576	696	0.289213
577	647	0.231781
578	450	0.348939
579	524	0.482826
580	841	0.300370
581	851	0.719364
582	929	0.347996
583	589	0.222520
584	540	0.643449
585	753	0.242409
586	499	0.344345
587	469	0.159522
588	577	0.282091
589	508	0.514490
590	842	0.538142
591	543	0.215822
592	812	0.672535
593	472	0.688362
594	842	0.479908
595	735	0.381149
596	583	0.377393
597	602	0.329589
598	542	0.546116
599	718	0.327725
600	832	1.000000
601	739	0.178353
602	850	0.307317
603	713	0.354943
604	412	0.803036
605	850	0.334930
606	435	0.569490
607	842	0.558173
608	536	0.197183
609	871	0.335510
610	638	0.338572
611	412	0.837354
612	487	0.357939
613	667	0.685300
614	412	0.785325
615	512	0.366889
616	705	0.387185
617	709	0.153309
618	713	0.446746
619	742	0.353902
620	515	0.212417
621	832	1.000000
622	472	0.672315
623	543	0.345936
624	812	0.508207
625	824	0.660487
626	832	1.000000
627	723	0.163266
628	804	0.426714
629	435	0.438773
630	865	0.583851
631	490	0.612727
632	809	0.405616
633	854	0.452834
634	622	0.856176
635	804	0.412809
636	816	0.408185
637	540	0.386436
638	500	0.318177
639	871	0.326850
640	893	0.186923
641	860	0.329478
642	713	0.430565
643	603	0.171055
644	705	0.730969
645	679	0.323386
646	542	0.600812
647	500	0.271997
648	555	0.256780
649	672	0.407300
650	636	0.376124
651	537	0.206616
652	622	0.966853
653	832	1.000000
654	848	0.552493
655	540	0.399667
656	813	1.000000
657	505	0.233745
658	887	0.277995
659	525	0.230757
660	788	0.320926
661	798	0.373143
662	936	0.602449
663	798	0.601495
664	636	0.372429
665	790	0.302001
666	537	0.182839
667	798	0.613176
668	490	0.327917
669	912	0.350437
670	667	0.508702
671	525	0.236307
672	545	0.431205
673	612	0.286839
674	720	0.351406
675	720	0.351406
676	633	0.464824
677	819	0.243900
678	673	0.463498
679	819	0.193103
680	774	0.244929
681	790	0.265725
682	817	0.240868
683	636	0.339956
684	705	0.605600
685	705	0.273965
686	819	0.228655
687	545	0.430824
688	606	0.302194
689	667	0.457264
690	706	0.636950
691	614	0.283947
692	960	1.000000
693	960	0.745680
694	713	0.288780
695	949	0.194056
696	770	0.160579
697	798	0.370636
698	546	0.463091
699	620	0.317452
700	880	0.519273
701	893	0.463766
702	766	0.170804
703	817	0.424006
704	544	0.576096
705	912	0.336100
706	412	0.379825
707	633	0.450942
708	487	0.431111
709	620	0.213231
710	762	0.402828
711	606	0.346767
712	673	0.196599
713	832	1.000000
714	724	0.289670
715	960	0.777543
716	928	0.352816
717	673	0.366217
718	592	0.393873
719	887	0.203453
720	778	0.199673
721	412	0.548256
722	713	0.605811
723	533	0.361309
724	1018	0.490993
725	724	0.633946
726	890	0.374177
727	762	0.400195
728	912	0.331110
729	821	0.203294
730	917	0.197371
731	606	0.446253
732	622	0.627844
733	951	0.443773
734	633	0.348437
735	832	1.000000
736	622	0.523997
737	734	0.299159
738	880	0.449537
739	883	0.320327
740	1041	0.294280
741	597	0.643675
742	942	0.293358
743	893	0.389022
744	919	0.365312
745	594	0.891934
746	662	0.126307
747	706	0.784494
748	875	0.229038
749	929	0.354393
750	876	0.507174
751	549	0.796141
752	705	0.436599
753	1073	0.346292
754	1098	0.415819
755	886	0.467032
756	967	0.290799
757	967	0.258783
758	553	0.207260
759	606	0.463465
760	530	0.490473
761	714	0.660949
762	879	0.290290
763	935	0.391415
764	879	0.232257
765	852	0.140646
766	866	0.324135
767	1061	0.322304
768	831	0.201515
769	904	1.000000
770	847	0.411247
771	991	0.219248
772	1043	0.252483
773	611	0.372828
774	594	0.523670
775	1073	0.411814
776	1152	0.763633
777	890	0.590704
778	985	0.217106
779	895	0.243649
780	935	0.426847
781	553	0.397418
782	682	0.150048
783	1004	0.190937
784	594	0.366710
785	1024	0.419424
786	1021	1.000000
787	970	0.579435
788	1128	0.609980
789	852	0.131244
790	879	0.450321
791	1024	0.334901
792	1043	0.396239
793	740	0.206608
794	950	0.193296
795	1128	0.610282
796	976	0.223303
797	1047	0.329467
798	1128	0.638157
799	1128	0.595052
800	818	0.564450
801	1021	1.000000
802	876	0.398189
803	669	0.455827
804	1030	0.336606
805	682	0.163412
806	629	0.347513
807	890	0.835688
808	781	0.326659
809	937	0.226282
810	1164	0.383039
811	914	0.660912
812	1097	0.436800
813	669	0.589423
814	642	0.477979
815	1186	0.526345
816	669	0.392027
817	987	0.636451
818	1061	0.586252
819	688	0.654153
820	921	0.497531
821	1003	0.393647
822	1042	0.341360
823	669	0.304181
824	1130	0.277102
825	947	0.359442
826	669	0.664953
827	656	0.392012
828	669	0.447881
829	923	0.392177
830	890	0.807428
831	958	0.351311
832	1130	0.399087
833	744	0.163766
834	886	0.507633
835	886	0.510052
836	873	0.156712
837	873	0.156712
838	923	0.319570
839	1143	0.491532
840	1130	0.430897
841	1061	0.588741
842	1164	0.382432
843	1164	0.366851
844	656	0.430573
845	669	0.718998
846	1132	0.532589
847	1006	0.273285
848	958	0.420848
849	1152	0.888149
850	592	0.261597
851	688	0.665230
852	1117	0.314072
853	890	0.395503
854	594	0.679055
855	904	1.000000
856	994	0.307239
857	1117	0.341199
858	1130	0.412180
859	661	0.152698
860	837	0.499293
861	1011	0.252048
862	959	0.203348
863	1152	0.512527
864	1205	0.249706
865	629	0.449289
866	1021	1.000000
867	1112	0.375404
868	1030	0.302001
869	823	0.192607
870	979	0.199766
871	1172	0.276033
872	629	0.453463
873	1109	0.407421
874	847	0.378706
875	1193	0.329699
876	1121	0.231208
877	1003	0.245770
878	1262	0.239874
879	1318	0.277555
880	1143	0.434197
881	961	0.353765
882	666	0.882531
883	1117	0.349803
884	987	0.609712
885	737	0.278742
886	1066	0.522272
887	776	0.238661
888	1065	0.288580
889	1205	0.212821
890	1070	0.289430
891	958	0.365985
892	1144	0.248588
893	1176	0.328996
894	1117	0.374314
895	1153	0.492868
896	1057	0.395138
897	733	0.396067
898	670	0.139019
899	1006	0.341395
900	1132	0.601693
901	1075	0.609742
902	1143	0.595737
903	1262	0.229125
904	779	0.477648
905	642	0.530945
906	1262	0.260444
907	686	0.365826
908	958	0.408649
909	711	0.297007
910	1246	0.217301
911	1026	0.345963
912	1058	0.173131
913	1019	0.405813
914	1371	0.473713
915	835	0.207409
916	1251	0.343902
917	1062	0.321119
918	1190	0.271062
919	1066	0.425314
920	1165	0.426316
921	629	0.442309
922	1180	0.174224
923	1027	0.249837
924	629	0.390980
925	987	0.869197
926	1076	0.333710
927	1095	0.611982
928	1025	1.000000
929	840	0.162507
930	1156	0.516667
931	835	0.205824
932	1189	0.262677
933	1058	0.187262
934	1332	0.338636
935	1246	0.306078
936	927	0.416720
937	1153	0.566162
938	1095	0.239082
939	759	0.245368
940	1065	0.210649
941	1123	0.279215
942	973	0.464218
943	1265	0.458578
944	1152	0.493964
945	1183	0.801891
946	1017	0.600233
947	1085	0.293592
948	692	0.763308
949	1158	0.243174
950	1122	0.218893
951	749	0.266284
952	1123	0.448518
953	758	0.161685
954	927	0.495500
955	740	0.246816
956	820	0.657140
957	1075	0.481964
958	1092	0.286055
959	902	0.169123
960	1158	0.295357
961	1246	0.222533
962	1076	0.245098
963	1265	0.599509
964	1089	0.244378
965	1053	0.244583
966	1014	0.237350
967	1309	0.368702
968	900	0.509114
969	1152	0.331609
970	873	0.165818
971	1082	0.402611
972	1153	0.592760
973	1213	0.289324
974	1300	0.961961
975	1120	0.253462
976	752	0.543231
977	900	0.468870
978	1183	0.729521
979	692	0.716477
980	1300	0.940430
981	1212	0.317377
982	1100	0.501764
983	1324	0.630339
984	891	0.083902
985	1166	0.463521
986	1208	0.284727
987	1119	0.635505
988	1320	0.287241
989	1189	0.370079
990	1253	0.177449
991	678	0.085657
992	1017	0.978610
993	1192	0.389491
994	1304	0.484072
995	1046	0.104340
996	702	0.088632
997	1120	0.252525
998	1103	0.152299
999	1248	0.467725
1000	927	0.459348
1001	752	0.381380
1002	908	0.410514
1003	1292	0.587223
1004	1109	0.672854
1005	1273	0.586916
1006	1201	0.159449
1007	920	0.103677
1008	1119	0.551147
1009	1290	0.306927
1010	864	0.671291
1011	1250	0.292250
1012	1153	0.459072
1013	802	0.293671
1014	802	0.293671
1015	1189	0.327302
1016	702	0.091220
1017	864	0.681333
1018	1212	0.328052
1019	1290	0.396698
1020	1189	0.306501
1021	1017	0.648715
1022	1017	0.648715
1023	927	0.437655
1024	1125	0.241128
1025	952	0.631852
1026	1230	0.212391
1027	1230	0.212391
1028	1257	0.422992
1029	1235	0.261860
1030	952	0.653560
1031	1217	0.302174
1032	1300	0.961437
1033	1259	0.267666
1034	1166	0.714435
1035	1183	1.000000
1036	1320	0.418408
1037	1504	0.577869
1038	1347	0.131991
1039	1077	0.477419
1040	1156	0.824251
1041	1051	0.333493
1042	1051	0.333493
1043	1070	0.363090
1044	1160	0.251964
1045	1257	0.314449
1046	1235	0.332714
1047	1217	0.292160
1048	1219	0.306657
1049	989	0.535579
1050	1300	0.919675
1051	989	0.353465
1052	1344	0.326603
1053	1207	0.229972
1054	1156	0.876975
1055	1186	1.000000
1056	802	0.335751
1057	1219	0.310904
1058	1017	0.765106
1059	1180	0.122299
1060	1275	0.209262
1061	989	0.590896
1062	908	0.327752
1063	1280	0.219564
1064	802	0.385169
1065	1109	0.374049
1066	1328	0.357843
1067	1337	0.320382
1068	849	0.184092
1069	1315	0.412553
1070	1280	0.257183
1071	1195	0.189485
1072	1102	0.637259
1073	1387	0.297699
1074	1280	0.270243
1075	1100	0.261627
1076	1298	0.443821
1077	1260	0.332505
1078	1075	0.313495
1079	1234	0.263005
1080	1253	0.306269
1081	1144	0.253741
1082	1453	0.368244
1083	1230	0.197881
1084	1313	0.267287
1085	1300	0.386477
1086	1242	0.317194
1087	1256	0.230063
1088	1324	0.665323
1089	1321	0.275609
1090	944	0.436775
1091	1048	0.561646
1092	1399	0.225837
1093	1253	0.281977
1094	1458	0.436232
1095	1369	0.287749
1096	1469	0.666525
1097	1313	0.315656
1098	1407	0.289890
1099	1064	0.519154
1100	1257	0.270169
1101	1357	0.372134
1102	1102	0.916405
1103	1038	0.478073
1104	1313	0.403745
1105	1252	0.441897
1106	1184	0.213884
1107	1344	0.287437
1108	1170	0.303885
1109	1256	0.267131
1110	1588	0.160851
1111	1258	0.209715
1112	681	0.131069
1113	965	0.356264
1114	1361	0.976654
1115	1174	0.427830
1116	1252	0.169509
1117	1308	0.375302
1118	1096	0.243351
1119	1403	0.258599
1120	1331	0.189489
1121	989	0.392716
1122	1132	1.000000
1123	1390	0.366349
1124	1341	0.306297
1125	941	0.552307
1126	1291	0.249768
1127	1187	0.319245
1128	1064	0.507587
1129	1311	0.415324
1130	1272	1.000000
1131	1455	0.410926
1132	1331	0.242142
1133	1068	0.422846
1134	1102	0.510066
1135	1227	0.323999
1136	1444	0.614806
1137	1570	0.387583
1138	1220	0.533985
1139	1458	0.396965
1140	1260	0.375242
1141	941	0.485976
1142	1007	0.304372
1143	1244	0.265651
1144	1038	0.422508
1145	1410	0.281451
1146	1413	0.229604
1147	1186	1.000000
1148	1109	1.000000
1149	1407	0.270499
1150	1260	0.277506
1151	1173	0.349229
1152	1355	0.300422
1153	1361	0.965926
1154	1511	0.255232
1155	1109	1.000000
1156	1376	0.237914
1157	1419	0.299897
1158	1311	0.461653
1159	1361	0.994723
1160	799	0.484765
1161	1166	0.521944
1162	1458	0.308844
1163	1135	0.146969
1164	1516	0.327477
1165	1394	0.462114
1166	1455	0.550632
1167	1054	0.872477
1168	1717	0.247777
1169	1064	0.413079
1170	1252	0.720635
1171	941	0.470922
1172	1107	0.361117
1173	1366	0.327347
1174	1530	0.381834
1175	1357	0.711795
1176	1381	0.418651
1177	1394	0.334721
1178	1007	0.410668
1179	1380	0.410943
1180	1140	0.472329
1181	1361	0.993265
1182	1335	0.441809
1183	1361	0.989962
1184	1323	0.235144
1185	1274	0.619090
1186	1054	0.836749
1187	1102	0.661428
1188	1323	0.321886
1189	1223	0.463475
1190	1214	0.238436
1191	1381	0.350613
1192	1578	0.283687
1193	1342	0.238210
1194	1403	0.224891
1195	1520	0.249115
1196	1578	0.286380
1197	1451	0.340351
1198	1443	0.411391
1199	1102	0.453565
1200	1443	0.396624
1201	1380	0.397463
1202	1037	0.498834
1203	1426	0.491344
1204	1227	0.326540
1205	1322	0.513526
1206	1283	0.336634
1207	1335	0.894891
1208	1361	0.980310
1209	1102	0.516025
1210	1443	0.456989
1211	1426	0.379156
1212	1411	0.215836
1213	1335	0.558157
1214	1410	0.432619
1215	1574	0.600193
1216	1342	0.215200
1217	1191	0.657464
1218	1252	0.513508
1219	1484	0.303568
1220	1571	0.368469
1221	1515	0.638746
1222	1168	0.385243
1223	1443	0.459398
1224	1059	0.556820
1225	1571	0.429761
1226	1455	0.533793
1227	1426	0.496885
1228	1630	0.372411
1229	1310	0.331526
1230	1168	0.440351
1231	1419	0.241383
1232	968	0.253313
1233	1283	0.454244
1234	1384	0.306149
1235	1229	0.208708
1236	1472	0.306390
1237	1250	1.000000
1238	1540	0.397126
1239	1343	0.298687
1240	1356	0.337457
1241	968	0.278818
1242	1443	0.390858
1243	1571	0.424832
1244	763	0.199829
1245	1484	0.295298
1246	1387	0.440086
1247	1233	0.406909
1248	968	0.290952
1249	763	0.210469
1250	1384	0.399600
1251	1283	0.374420
1252	1223	0.637983
1253	1550	0.251915
1254	1310	0.360128
1255	1059	0.751524
1256	1372	0.408890
1257	1584	0.596602
1258	1527	0.335434
1259	1455	0.554421
1260	1471	0.229518
1261	1455	0.580155
1262	1351	0.641571
1263	1387	0.228638
1264	1778	0.272870
1265	1191	0.908869
1266	1322	0.518324
1267	768	0.309735
1268	1373	0.263292
1269	730	0.279588
1270	763	0.202958
1271	1410	0.371569
1272	1362	0.234174
1273	1330	0.343826
1274	1363	0.222398
1275	1037	0.741412
1276	1479	0.446598
1277	1543	0.387584
1278	1571	0.380289
1279	1584	0.365355
1280	1335	0.829516
1281	1472	0.630407
1282	1351	0.545489
1283	1599	0.274959
1284	1302	0.390404
1285	1527	0.371355
1286	1484	0.310932
1287	1223	0.611308
1288	1496	0.167681
1289	1059	0.776967
1290	763	0.180348
1291	1438	0.216786
1292	1361	1.000000
1293	763	0.181561
1294	1168	0.842202
1295	1422	0.658667
1296	1037	0.448776
1297	1250	1.000000
1298	1191	0.444253
1299	1452	0.196072
1300	1603	0.585611
1301	1322	0.598797
1302	1655	0.414586
1303	1780	0.183777
1304	1570	0.619381
1305	1435	0.304922
1306	1482	0.253430
1307	757	0.193811
1308	1665	0.482749
1309	1489	0.221070
1310	1037	0.521679
1311	1395	0.456501
1312	2422	1.000000
1313	1445	0.633327
1314	1037	0.676841
1315	1531	0.493607
1316	1419	0.131132
1317	1059	0.469992
1318	1368	0.265214
1319	2165	1.000000
1320	1382	0.269599
1321	1540	0.507087
1322	1009	0.352954
1323	1697	0.187236
1324	1577	0.332834
1325	1609	0.450689
1326	1717	0.265675
1327	1542	0.192952
1328	1414	0.463289
1329	1523	0.166833
1330	1605	0.353349
1331	1482	0.194622
1332	1600	0.583732
1333	1029	0.448315
1334	1598	0.228500
1335	1615	0.574478
1336	1361	1.000000
1337	1609	0.579233
1338	1343	0.706387
1339	1487	0.197455
1340	1267	0.334650
1341	1535	0.259936
1342	1665	0.450790
1343	1423	0.326264
1344	1546	0.253247
1345	1508	0.463563
1346	1751	0.168213
1347	1542	0.216850
1348	1384	0.289029
1349	1361	0.991774
1350	1503	0.289228
1351	2080	0.620227
1352	1384	0.369675
1353	1599	0.233821
1354	786	0.339524
1355	1535	0.396358
1356	1334	0.414211
1357	1617	0.251347
1358	1540	0.305210
1359	1553	0.320485
1360	1494	0.478450
1361	1609	0.426912
1362	1751	0.178218
1363	1245	0.285234
1364	1379	0.314851
1365	1780	0.234972
1366	1178	0.171714
1367	1622	0.169708
1368	1858	0.573270
1369	906	0.378390
1370	1202	0.341680
1371	1436	0.421408
1372	1654	0.304537
1373	1619	0.431562
1374	1545	0.312747
1375	1858	0.572060
1376	2181	0.278887
1377	1517	0.259705
1378	1517	0.214531
1379	1361	1.000000
1380	1289	0.651668
1381	1711	0.368769
1382	1485	0.306295
1383	1236	0.239286
1384	1343	0.421145
1385	1762	0.203033
1386	1549	0.524036
1387	990	0.317406
1388	1361	0.904816
1389	2348	1.000000
1390	1565	0.426152
1391	1627	0.376724
1392	1572	0.158959
1393	1636	0.391175
1394	1561	0.263666
1395	1565	0.498989
1396	1589	0.498457
1397	1236	0.258917
1398	1517	0.230984
1399	1711	0.266879
1400	1548	0.636648
1401	2458	1.000000
1402	1654	0.285693
1403	1461	0.382084
1404	1597	0.479911
1405	1576	0.424352
1406	1597	0.363765
1407	1763	0.389481
1408	2181	0.271547
1409	1667	0.329453
1410	1675	0.377906
1411	2080	0.789403
1412	1519	0.421426
1413	1695	0.378049
1414	1439	0.220732
1415	1552	0.292092
1416	1692	0.371316
1417	2215	0.274509
1418	1785	0.171927
1419	1517	0.313553
1420	1759	0.361812
1421	1644	0.194025
1422	1619	0.726304
1423	1847	0.486800
1424	1619	0.453180
1425	1638	0.530695
1426	1289	0.487565
1427	1690	0.505467
1428	1595	0.257054
1429	1748	0.613772
1430	1499	0.246915
1431	1690	0.324755
1432	1612	0.507040
1433	1810	0.825315
1434	1701	0.512149
1435	1463	0.311442
1436	1776	0.495169
1437	1705	0.301257
1438	1864	0.221991
1439	1746	0.271026
1440	1695	0.405046
1441	1441	0.414255
1442	1595	0.320167
1443	1428	0.335288
1444	1735	0.317154
1445	1678	0.442148
1446	1776	0.495325
1447	2080	0.857748
1448	1698	0.848346
1449	1638	0.475261
1450	1548	0.525523
1451	1627	0.607967
1452	1636	0.406397
1453	1638	0.475309
1454	1692	0.416847
1455	1623	0.358361
1456	1552	0.368799
1457	906	0.186326
1458	997	0.174539
1459	1705	0.242072
1460	1538	0.516248
1461	1638	0.406257
1462	1689	0.404496
1463	1827	0.256972
1464	1378	0.491953
1465	1807	0.382903
1466	1650	0.260471
1467	1728	0.583732
1468	1631	0.131580
1469	1840	0.594577
1470	1485	0.521294
1471	1840	0.502090
1472	1847	0.449520
1473	1114	0.183241
1474	1829	0.402512
1475	1642	0.326223
1476	1970	0.246096
1477	1654	0.277586
1478	1485	0.472549
1479	1640	0.151857
1480	909	0.175630
1481	1728	0.511399
1482	1728	0.313707
1483	1701	0.624766
1484	1698	0.866856
1485	1485	0.432836
1486	1708	0.361340
1487	1636	0.334812
1488	1701	0.406579
1489	1748	0.542221
1490	1682	0.335047
1491	1624	0.260222
1492	1708	0.336552
1493	1237	0.317397
1494	1690	0.647476
1495	1826	0.704346
1496	1826	0.920845
1497	1475	0.301197
1498	1689	0.461805
1499	1581	0.402872
1500	2034	0.263197
1501	1656	0.265086
1502	1897	0.452698
1503	1673	0.316481
1504	1826	0.841120
1505	1658	0.414173
1506	1698	0.888375
1507	1621	0.385467
1508	1696	0.370978
1509	1696	0.358098
1510	1698	0.881905
1511	1618	0.259864
1512	1879	0.434934
1513	1237	0.279219
1514	1637	0.468306
1515	1652	0.249509
1516	1385	0.227837
1517	1502	0.464109
1518	1652	0.258076
1519	1877	0.340191
1520	1502	0.392625
1521	1820	0.194999
1522	1827	0.347960
1523	1877	0.598206
1524	1827	0.443920
1525	1695	0.500729
1526	1485	0.395175
1527	1877	0.717907
1528	1636	0.256613
1529	1502	0.476009
1530	1720	0.320646
1531	1799	0.305693
1532	1674	0.145235
1533	1829	0.510249
1534	1657	0.539636
1535	1750	0.419933
1536	1772	0.469109
1537	1627	0.480748
1538	1774	0.311363
1539	1713	0.211975
1540	1826	0.912897
1541	1581	0.350572
1542	1502	0.433326
1543	1485	0.362037
1544	1774	0.270245
1545	1669	0.524292
1546	1629	0.442453
1547	1657	0.341020
1548	1002	0.205395
1549	1661	0.494238
1550	2458	1.000000
1551	1583	0.544343
1552	1694	0.258541
1553	1729	0.651425
1554	1879	0.506605
1555	1876	0.398052
1556	2181	0.255763
1557	1876	0.344422
1558	1408	0.622432
1559	1629	0.452124
1560	1748	0.446273
1561	1015	0.189373
1562	1837	0.300252
1563	1796	0.519254
1564	1826	0.899400
1565	1566	0.588249
1566	1750	0.540193
1567	1658	0.345603
1568	1827	0.540690
1569	1830	0.407945
1570	1278	0.207489
1571	1772	0.520427
1572	1758	0.784599
1573	1873	0.963250
1574	1750	0.600626
1575	1619	0.420096
1576	1743	0.206171
1577	1791	0.456783
1578	1784	0.291581
1579	1712	0.374122
1580	1566	0.616752
1581	1772	0.516689
1582	1841	0.335355
1583	1879	0.430196
1584	1645	0.486271
1585	1688	0.665522
1586	1720	0.244497
1587	1634	0.286036
1588	1830	0.581673
1589	1695	0.428533
1590	1586	0.537497
1591	1676	0.203154
1592	1923	0.298867
1593	1803	0.426948
1594	1837	0.406919
1595	1675	0.542770
1596	1730	0.381850
1597	1732	0.384831
1598	1827	0.545477
1599	1718	0.140465
1600	2080	0.492749
1601	1670	0.338264
1602	1830	0.527962
1603	1988	0.384489
1604	1988	0.486127
1605	1431	0.249582
1606	1988	0.553290
1607	1871	0.276476
1608	1771	0.338549
1609	1002	0.201142
1610	1032	0.625555
1611	2080	0.424374
1612	1795	0.628908
1613	1794	0.356776
1614	1903	0.648996
1615	1666	0.652682
1616	1772	0.379746
1617	1772	0.418922
1618	1661	0.290935
1619	1814	0.281091
1620	1688	0.870619
1621	1645	0.443885
1622	2215	0.246724
1623	1701	0.361627
1624	1734	0.253701
1625	1899	0.459143
1626	1995	0.265546
1627	1685	0.324433
1628	2110	0.304176
1629	1903	0.654872
1630	1928	0.294577
1631	2273	0.290011
1632	1806	0.318147
1633	1947	0.539098
1634	1900	0.311542
1635	1750	0.283956
1636	1339	0.154684
1637	1784	0.456932
1638	1925	0.328289
1639	1032	0.597338
1640	1704	0.280799
1641	2348	0.470907
1642	1801	0.288896
1643	1806	0.501862
1644	1684	0.233440
1645	1863	0.264499
1646	2348	0.529445
1647	2458	1.000000
1648	1988	0.428796
1649	1806	0.467512
1650	2073	0.408205
1651	1912	0.243191
1652	1842	0.187822
1653	1747	0.529638
1654	1763	0.405731
1655	1863	0.426806
1656	1775	0.752751
1657	1912	0.445302
1658	1739	0.393086
1659	1889	0.426514
1660	1994	0.280074
1661	1994	0.450205
1662	1863	0.243700
1663	1914	0.393516
1664	1797	0.240674
1665	1963	0.371884
1666	1391	0.278939
1667	2108	0.554844
1668	1955	0.256107
1669	2108	0.623385
1670	2356	0.650745
1671	1887	0.428226
1672	1801	0.424427
1673	1339	0.258179
1674	1891	0.521460
1675	1897	0.700977
1676	2104	0.291843
1677	1837	0.270757
1678	1803	0.311103
1679	1728	0.540642
1680	1758	0.383627
1681	1935	0.265271
1682	1798	0.278420
1683	1925	0.245445
1684	1797	0.211390
1685	1264	0.267357
1686	1824	0.308217
1687	1733	0.229290
1688	1104	0.266260
1689	1801	0.420775
1690	1889	0.490877
1691	1316	0.449904
1692	2108	0.749376
1693	1798	0.317995
1694	1798	0.292355
1695	1781	0.138945
1696	1801	0.468887
1697	1905	0.386581
1698	1838	0.503422
1699	1826	0.277788
1700	1915	0.277467
1701	1752	0.312994
1702	2094	0.384883
1703	1997	0.346073
1704	1894	0.938915
1705	1798	0.465495
1706	1904	0.213124
1707	2065	0.433227
1708	1838	0.506151
1709	2034	0.504141
1710	2165	0.274596
1711	2124	0.292080
1712	1937	0.428486
1713	1964	0.254403
1714	1892	0.784919
1715	1890	0.394120
1716	2205	0.370350
1717	1848	0.467274
1718	1868	0.661877
1719	2093	0.378508
1720	2041	0.151580
1721	1728	0.638983
1722	1891	0.468175
1723	1815	0.250428
1724	1892	0.662301
1725	2163	0.510493
1726	1890	0.574212
1727	1786	0.255666
1728	1493	0.195337
1729	1967	0.250226
1730	2542	1.000000
1731	2145	0.469377
1732	1889	0.239252
1733	1857	0.434141
1734	1955	0.348578
1735	2035	0.282387
1736	2108	0.796241
1737	2224	0.452507
1738	2224	0.581205
1739	1997	0.355707
1740	2169	0.441552
1741	2108	0.923013
1742	1955	0.344829
1743	1967	0.257225
1744	2034	0.516979
1745	2072	0.534707
1746	1993	0.639296
1747	1788	0.338597
1748	1930	0.360128
1749	1973	0.775858
1750	2094	0.716495
1751	2145	0.502594
1752	2035	0.286401
1753	2059	0.462608
1754	2210	0.576411
1755	2059	0.202951
1756	2609	1.000000
1757	1802	0.236191
1758	1196	0.653994
1759	2108	0.865048
1760	1196	0.427102
1761	2004	0.219794
1762	2224	0.359552
1763	1943	0.295604
1764	1898	0.489205
1765	2169	0.518762
1766	2631	1.000000
1767	1996	0.424182
1768	1771	0.191789
1769	1559	0.389042
1770	2048	0.312073
1771	1839	0.502738
1772	1793	0.290797
1773	1944	0.388130
1774	1316	0.372229
1775	2221	0.413497
1776	1821	0.509052
1777	2609	1.000000
1778	1813	0.295186
1779	1898	0.242796
1780	2609	1.000000
1781	2631	1.000000
1782	1616	0.323836
1783	1929	0.712899
1784	1930	0.809817
1785	1839	0.458584
1786	2108	0.778131
1787	2195	0.337772
1788	1966	0.485793
1789	2110	0.257227
1790	2631	1.000000
1791	2209	0.240302
1792	1839	0.674017
1793	2631	1.000000
1794	1817	0.675284
1795	1839	0.869171
1796	2609	1.000000
1797	2113	0.302061
1798	1921	0.425216
1799	1993	0.598578
1800	2609	1.000000
1801	2109	0.331222
1802	2004	0.401700
1803	2032	0.270070
1804	2609	1.000000
1805	1894	0.772685
1806	2055	0.336792
1807	1559	0.404794
1808	2382	0.299933
1809	1930	0.799620
1810	2127	0.271078
1811	1821	0.348579
1812	1894	0.881423
1813	1894	0.881423
1814	2311	0.496423
1815	1851	0.329491
1816	1930	0.675137
1817	1954	0.459555
1818	2307	0.273626
1819	2161	0.455724
1820	2034	0.426423
1821	2631	1.000000
1822	2609	1.000000
1823	1948	0.375163
1824	2411	0.665921
1825	2049	0.742312
1826	2609	1.000000
1827	2091	0.556836
1828	1852	0.853204
1829	2007	0.198715
1830	1728	0.485022
1831	2059	0.509588
1832	1894	0.481807
1833	2035	0.334155
1834	1954	0.472812
1835	2078	0.317215
1836	2205	0.300781
1837	2106	0.368582
1838	1839	0.837571
1839	2153	0.297099
1840	2609	1.000000
1841	1987	0.294421
1842	1948	0.515043
1843	1887	0.495360
1844	1316	0.826674
1845	2019	0.213672
1846	2631	1.000000
1847	2004	0.690583
1848	2074	0.459851
1849	2074	0.438872
1850	1959	0.274829
1851	2205	0.331827
1852	2161	0.359621
1853	1966	0.571605
1854	1911	0.290150
1855	1851	0.362453
1856	2091	1.000000
1857	2019	0.225596
1858	2106	0.248314
1859	1898	0.267747
1860	1354	0.355767
1861	1817	0.692635
1862	1984	0.409364
1863	2106	0.336176
1864	2147	0.629145
1865	1954	0.466567
1866	2186	0.312198
1867	1961	0.358159
1868	1973	0.622412
1869	1316	0.490159
1870	1961	0.276012
1871	1316	0.717518
1872	1196	0.475370
1873	2307	0.481219
1874	1849	0.324196
1875	2609	1.000000
1876	1999	0.258779
1877	1887	0.468089
1878	2407	0.271732
1879	2542	1.000000
1880	1891	0.395562
1881	2609	1.000000
1882	1961	0.280396
1883	2069	0.317741
1884	2609	1.000000
1885	2061	0.420474
1886	1989	0.332518
1887	1946	0.499976
1888	1196	0.369806
1889	1954	0.441947
1890	1948	0.277873
1891	1815	0.473177
1892	2307	0.260001
1893	1802	0.221268
1894	1954	0.421691
1895	2113	0.410677
1896	1948	0.406627
1897	1984	0.329612
1898	2240	0.197112
1899	1316	0.900646
1900	2153	0.331085
1901	1930	0.348534
1902	2609	0.867759
1903	2127	0.292614
1904	1907	0.443271
1905	1358	0.280089
1906	1849	0.642492
1907	1887	0.392341
1908	2091	0.503490
1909	2163	0.536505
1910	2147	0.520182
1911	2028	0.213189
1912	1358	0.335987
1913	1996	0.415745
1914	2519	1.000000
1915	2217	0.296569
1916	2072	0.353976
1917	2167	0.255457
1918	2519	0.317419
1919	2099	0.697337
1920	2055	0.307541
1921	2091	0.588066
1922	2210	0.538146
1923	1429	0.157896
1924	1901	0.327868
1925	1973	0.404389
1926	1961	0.427316
1927	2059	0.430639
1928	1951	0.456529
1929	2159	0.400912
1930	2024	0.213492
1931	2163	0.547430
1932	2064	0.382605
1933	2226	0.349702
1934	2091	0.543008
1935	2159	0.376979
1936	2095	0.283037
1937	1880	0.256159
1938	1981	0.479233
1939	1855	0.474791
1940	2127	0.430730
1941	1901	0.273774
1942	1878	0.314158
1943	1846	0.616293
1944	2198	0.326989
1945	1846	0.700802
1946	2170	0.885238
1947	2131	0.348811
1948	1977	0.186487
1949	2059	0.313667
1950	1851	0.451820
1951	2388	0.201546
1952	2375	0.491139
1953	2265	0.364009
1954	2099	0.846543
1955	2039	0.332907
1956	2019	0.161573
1957	2115	0.260958
1958	1976	0.378842
1959	2061	0.757058
1960	2226	0.486796
1961	2212	0.301834
1962	2230	0.273773
1963	1846	0.657035
1964	1855	0.254216
1965	2042	0.483063
1966	1996	0.658597
1967	2078	0.531523
1968	2196	0.232511
1969	1880	0.152127
1970	2170	0.772220
1971	1972	0.318129
1972	2243	0.321154
1973	2098	0.256187
1974	2174	0.240360
1975	2609	0.906316
1976	2135	0.130893
1977	2162	0.252472
1978	2616	0.470822
1979	2159	0.278742
1980	2644	0.688037
1981	2260	0.697916
1982	2424	0.363128
1983	2375	0.441836
1984	2231	0.958449
1985	2286	0.410553
1986	1931	0.385745
1987	2078	0.558833
1988	2017	0.278529
1989	2294	0.281385
1990	2055	0.374572
1991	2226	0.594466
1992	2115	0.256644
1993	2135	0.209750
1994	2074	0.632651
1995	2247	0.285692
1996	2167	0.353317
1997	1358	0.389599
1998	1931	0.530401
1999	2033	0.389206
2000	2060	0.303632
2001	2231	0.889509
2002	2173	0.413189
2003	2075	0.516194
2004	1945	0.278889
2005	2006	0.291105
2006	1606	1.000000
2007	2003	0.199695
2008	2148	0.342274
2009	1960	0.372086
2010	2022	0.251415
2011	2695	1.000000
2012	2111	0.638391
2013	2264	0.252156
2014	2665	0.836218
2015	2010	0.408161
2016	2066	0.612165
2017	2324	0.363553
2018	2033	0.271476
2019	2070	0.346892
2020	2231	0.351876
2021	2066	0.668987
2022	1559	1.000000
2023	2695	1.000000
2024	2227	0.215309
2025	2585	0.485232
2026	2302	0.329231
2027	2388	0.361951
2028	2125	0.438973
2029	2189	0.546976
2030	2075	0.495274
2031	2231	0.982147
2032	2010	0.451126
2033	1851	0.435797
2034	1974	0.402015
2035	2010	0.409716
2036	1974	0.392058
2037	2676	1.000000
2038	2062	0.566957
2039	2289	0.293355
2040	2062	0.330022
2041	2239	0.289528
2042	2267	0.238537
2043	2665	0.922925
2044	2189	0.362773
2045	2111	0.858153
2046	2074	0.675635
2047	2609	0.616347
2048	2189	0.586413
2049	2239	0.339879
2050	2676	1.000000
2051	2308	0.372060
2052	2120	0.712037
2053	2118	0.493427
2054	2078	0.589654
2055	2061	0.379851
2056	2247	0.292925
2057	2616	0.481453
2058	1815	1.000000
2059	1983	0.848353
2060	2118	0.469961
2061	2075	0.463163
2062	1777	0.212467
2063	2166	0.355763
2064	2222	0.644948
2065	2313	0.509960
2066	1635	0.197439
2067	2223	0.548608
2068	2207	0.280427
2069	2424	0.593324
2070	2201	0.623476
2071	2132	0.445471
2072	1462	0.546037
2073	2054	0.355862
2074	2135	0.258153
2075	2139	0.262497
2076	2313	0.352040
2077	2097	0.284830
2078	2274	0.408565
2079	2424	0.484214
2080	1766	0.188048
2081	2107	0.432678
2082	2375	0.542715
2083	2192	0.250152
2084	2375	0.598018
2085	2222	0.734415
2086	2609	0.536722
2087	1316	0.752651
2088	2119	0.555512
2089	2175	0.474110
2090	2477	0.401338
2091	2308	0.313581
2092	2155	0.282880
2093	2120	0.491241
2094	2167	0.429463
2095	2201	0.825316
2096	2118	0.614863
2097	2231	0.997198
2098	2062	0.576435
2099	2111	0.822240
2100	2118	0.636484
2101	2146	0.456297
2102	2085	0.408739
2103	2236	0.257463
2104	2208	0.501615
2105	1815	1.000000
2106	2122	0.876697
2107	2204	0.266277
2108	2074	0.540971
2109	2146	0.421411
2110	2180	0.286361
2111	2263	0.475911
2112	2366	0.481558
2113	2092	0.273761
2114	2166	0.384655
2115	2092	0.303256
2116	1835	0.340622
2117	2231	0.976554
2118	2476	0.356727
2119	2256	0.336073
2120	2366	0.388277
2121	2116	0.879871
2122	2226	0.436691
2123	2281	0.403047
2124	2616	0.835797
2125	2476	0.332943
2126	2424	0.446947
2127	1462	0.512042
2128	2099	0.539784
2129	2262	0.398747
2130	2126	0.774084
2131	2204	0.289822
2132	2277	0.196143
2133	2239	0.505948
2134	2222	0.785908
2135	2274	0.302148
2136	1766	0.276148
2137	2616	0.897210
2138	2132	0.431740
2139	2476	0.347737
2140	2695	0.624165
2141	2351	0.209370
2142	2296	0.223025
2143	2388	0.362855
2144	1766	0.282633
2145	2189	0.500243
2146	2616	0.937814
2147	2519	0.515698
2148	2477	0.397375
2149	2251	0.550428
2150	2078	0.681751
2151	2375	0.302373
2152	2208	0.484063
2153	2201	0.936389
2154	2354	0.595133
2155	2120	0.879261
2156	2146	0.812924
2157	2231	0.963060
2158	2207	0.586656
2159	2132	0.696574
2160	2695	0.666479
2161	2243	0.768139
2162	2676	0.441619
2163	2172	0.838585
2164	2226	0.294505
2165	2262	0.445914
2166	2476	0.340132
2167	2223	0.501667
2168	2126	0.736223
2169	2385	0.309488
2170	2366	0.309125
2171	2248	0.517774
2172	2334	0.162322
2173	2585	0.872216
2174	2616	0.475882
2175	2585	0.969659
2176	2146	0.926341
2177	2062	0.643906
2178	2172	0.841515
2179	2222	0.872343
2180	2166	0.342485
2181	2385	0.454156
2182	2122	0.748331
2183	2243	1.000000
2184	2352	0.264981
2185	2357	0.372156
2186	2263	0.912770
2187	2306	0.332942
2188	2141	0.261372
2189	2695	0.568180
2190	1462	0.549276
2191	1486	0.292700
2192	2132	0.408369
2193	2481	0.454781
2194	1462	0.574760
2195	1766	0.290872
2196	2486	0.368766
2197	2078	1.000000
2198	2289	0.264341
2199	2239	0.456321
2200	2314	0.516107
2201	2665	0.838191
2202	2201	0.501796
2203	2695	0.496585
2204	2678	0.618072
2205	2151	0.505135
2206	2201	1.000000
2207	2122	0.664775
2208	2151	0.284658
2209	1979	0.429130
2210	2300	0.276091
2211	2132	0.632088
2212	2239	0.513605
2213	2665	0.793312
2214	2306	0.351067
2215	1815	1.000000
2216	2717	0.459459
2217	2328	0.466656
2218	2644	0.775019
2219	2404	0.987440
2220	2425	0.606965
2221	2119	0.447594
2222	2454	0.504454
2223	2384	0.302913
2224	2151	0.426263
2225	2352	0.935312
2226	2200	0.583153
2227	2477	0.411544
2228	1486	0.419360
2229	2585	0.940902
2230	2585	0.947885
2231	2717	0.496786
2232	2248	0.394885
2233	1568	1.000000
2234	1979	0.375301
2235	2172	0.960911
2236	2319	0.494367
2237	2644	0.765707
2238	2404	0.996381
2239	2116	0.430721
2240	2673	0.510044
2241	2360	0.401197
2242	2486	0.266604
2243	1815	1.000000
2244	2120	0.911930
2245	2300	0.230050
2246	2516	0.823673
2247	2139	0.402275
2248	2717	0.488706
2249	2665	0.701782
2250	2246	0.486659
2251	2263	0.660812
2252	2540	0.321166
2253	2201	0.491550
2254	2121	0.319009
2255	2616	0.954278
2256	2314	0.494429
2257	1486	0.301880
2258	2338	0.692421
2259	2263	0.761404
2260	2325	0.307775
2261	2201	1.000000
2262	2132	0.728854
2263	2276	0.309208
2264	2486	0.251749
2265	2352	0.910947
2266	2518	0.367146
2267	2425	0.471478
2268	2438	0.212607
2269	2673	0.669578
2270	2338	0.612954
2271	2486	0.397803
2272	2608	0.406300
2273	2345	0.571930
2274	2717	0.545592
2275	2139	0.508144
2276	2436	0.356455
2277	2608	0.391093
2278	2585	0.746703
2279	2242	0.527954
2280	2511	1.000000
2281	2379	0.392019
2282	2301	0.768867
2283	2540	0.370455
2284	2633	0.574502
2285	2132	0.837659
2286	2078	1.000000
2287	2365	0.428626
2288	2078	1.000000
2289	2622	0.413869
2290	2678	0.893232
2291	2180	0.582144
2292	2608	0.279929
2293	2477	0.419024
2294	2243	1.000000
2295	2263	0.361091
2296	2480	0.231910
2297	2329	0.787750
2298	2385	0.346131
2299	2172	0.991470
2300	2540	0.331586
2301	2074	1.000000
2302	2201	1.000000
2303	2154	0.521167
2304	2074	1.000000
2305	2132	0.768066
2306	2132	0.835548
2307	2592	0.538710
2308	2591	0.331300
2309	2634	0.300011
2310	2339	0.734558
2311	2482	0.166623
2312	2404	0.515919
2313	2320	0.375325
2314	2172	0.688258
2315	2425	0.489217
2316	2243	1.000000
2317	2672	0.696956
2318	2120	0.879631
2319	2343	0.508854
2320	2345	0.369533
2321	2172	0.949889
2322	2116	0.486087
2323	2111	1.000000
2324	2287	0.328117
2325	2673	0.356723
2326	2319	0.327643
2327	2622	0.515624
2328	1740	0.343761
2329	2201	1.000000
2330	2352	0.946786
2331	2287	0.272797
2332	2120	1.000000
2333	2241	0.783029
2334	2540	0.313730
2335	2340	0.543012
2336	2665	0.559429
2337	2319	0.564708
2338	1568	0.634561
2339	1568	0.634561
2340	2078	1.000000
2341	2592	0.638268
2342	2367	0.290840
2343	2678	0.943672
2344	2678	0.943672
2345	2622	0.330329
2346	2320	0.445323
2347	2243	1.000000
2348	2518	0.234072
2349	2518	0.234072
2350	2454	0.332769
2351	2132	0.679262
2352	2096	0.451120
2353	2389	0.618411
2354	2078	1.000000
2355	2078	1.000000
2356	2132	0.723108
2357	2488	0.247072
2358	2585	0.385051
2359	2078	1.000000
2360	2371	0.809142
2361	2630	0.272658
2362	2515	0.237933
2363	2678	0.966553
2364	2265	0.747906
2365	2132	0.799232
2366	2518	0.343988
2367	2644	0.403753
2368	2577	0.892815
2369	1815	1.000000
2370	2043	0.608241
2371	2377	0.911389
2372	2535	0.218150
2373	2515	0.252160
2374	2622	0.419011
2375	2360	0.692052
2376	2592	0.704128
2377	2672	0.494924
2378	2383	0.314847
2379	1691	0.301760
2380	2043	0.597918
2381	2397	0.322339
2382	2644	0.616061
2383	2608	0.356296
2384	2339	0.666121
2385	2116	0.407175
2386	1568	0.559560
2387	1568	0.636332
2388	2616	0.807573
2389	2477	0.475914
2390	2120	1.000000
2391	2242	0.724194
2392	1691	0.593294
2393	2397	0.302963
2394	1691	0.568055
2395	2323	0.506486
2396	2367	0.327541
2397	2616	0.798188
2398	2364	0.235961
2399	2369	0.380857
2400	2120	1.000000
2401	2377	0.762038
2402	2363	0.904377
2403	2644	0.470310
2404	2388	0.176593
2405	2387	0.589787
2406	1568	1.000000
2407	2470	0.457362
2408	2120	1.000000
2409	2371	0.762964
2410	2320	0.531047
2411	2409	0.205898
2412	2285	0.447769
2413	2592	0.726894
2414	2404	0.494521
2415	2372	0.367560
2416	2367	0.310010
2417	2444	0.319482
2418	2146	0.484438
2419	2361	0.232922
2420	1568	0.628473
2421	2591	0.492815
2422	2361	0.201794
2423	2350	0.545753
2424	2608	0.354295
2425	2678	0.910110
2426	1568	1.000000
2427	2673	0.656260
2428	2371	0.712215
2429	2352	0.455871
2430	2339	0.544399
2431	2387	0.530501
2432	2526	0.251299
2433	2368	0.306654
2434	2339	0.591359
2435	2352	0.822854
2436	2132	0.743018
2437	2369	0.340226
2438	2251	0.364511
2439	2370	0.199353
2440	2485	0.294453
2441	2457	0.682510
2442	2285	0.596952
2443	2383	0.187649
2444	2726	0.458246
2445	1691	0.409640
2446	1815	1.000000
2447	2406	0.525442
2448	2245	0.493735
2449	2508	0.454671
2450	2368	0.293018
2451	2638	0.301871
2452	1815	1.000000
2453	2577	0.902817
2454	2339	0.398209
2455	2352	0.814421
2456	2558	0.183110
2457	2721	0.406704
2458	2514	0.178868
2459	2409	0.380805
2460	2475	0.269692
2461	1815	1.000000
2462	2120	1.000000
2463	2717	0.406616
2464	2592	0.760869
2465	2511	1.000000
2466	2633	0.813065
2467	2389	0.423660
2468	1815	1.000000
2469	2533	0.286637
2470	2720	0.363106
2471	2717	0.482991
2472	2496	0.554835
2473	2441	0.323477
2474	2644	0.532407
2475	2561	0.540596
2476	2078	1.000000
2477	2201	0.574645
2478	2201	1.000000
2479	2363	0.964627
2480	2556	0.307050
2481	2245	0.390716
2482	2591	0.474487
2483	2608	0.344536
2484	2433	0.411523
2485	2180	0.847839
2486	2678	0.964255
2487	2569	0.394369
2488	2722	0.401887
2489	2408	0.302394
2490	2546	0.264961
2491	1568	1.000000
2492	2406	0.547306
2493	2242	0.313349
2494	2360	0.576569
2495	2721	0.499633
2496	2507	0.258099
2497	2074	1.000000
2498	2678	0.402584
2499	2249	0.425262
2500	2622	0.444138
2501	2399	0.229843
2502	2569	0.423604
2503	2669	0.379308
2504	2638	0.277391
2505	2669	0.452800
2506	2268	0.397321
2507	2456	0.547928
2508	2633	0.919934
2509	2409	0.212476
2510	2120	1.000000
2511	2341	0.663104
2512	2720	0.427806
2513	2201	1.000000
2514	1815	1.000000
2515	2096	0.549971
2516	2723	0.432329
2517	2420	0.268665
2518	2473	0.890471
2519	2501	0.526839
2520	2583	0.231193
2521	2552	0.357033
2522	2719	0.595489
2523	2342	0.654996
2524	2561	0.580001
2525	2534	0.622997
2526	2527	0.231780
2527	1568	1.000000
2528	1568	1.000000
2529	2387	0.315222
2530	2565	0.384736
2531	2431	0.218522
2532	2608	0.303623
2533	2717	0.429793
2534	2510	0.595124
2535	1815	1.000000
2536	2043	1.000000
2537	1568	1.000000
2538	2603	0.158735
2539	2265	0.845903
2540	2566	0.388346
2541	2577	0.763786
2542	2545	0.260447
2543	2672	0.470742
2544	2569	0.516151
2545	2420	0.289465
2546	2418	0.512115
2547	2360	0.712428
2548	2511	1.000000
2549	2675	0.261518
2550	2111	1.000000
2551	2545	0.262413
2552	2396	0.281529
2553	2534	0.618278
2554	2350	0.213433
2555	2666	0.188186
2556	2694	0.481177
2557	2678	0.884435
2558	2694	0.451095
2559	2531	0.266187
2560	2722	0.715541
2561	1815	1.000000
2562	2341	0.658579
2563	2456	0.575744
2564	2569	0.541972
2565	2395	0.271918
2566	2511	1.000000
2567	2510	0.721297
2568	2078	1.000000
2569	2568	0.282396
2570	2622	0.314203
2571	2591	0.621528
2572	2635	0.181477
2573	2243	0.669060
2574	1815	1.000000
2575	2569	0.602772
2576	2678	0.881521
2577	2650	0.193768
2578	2418	0.859494
2579	2544	0.516536
2580	2633	0.591899
2581	2249	0.451484
2582	2268	0.400548
2583	2722	0.754585
2584	2534	0.968628
2585	2593	0.355451
2586	2711	0.364949
2587	2534	0.935716
2588	2569	0.631136
2589	2722	0.753969
2590	2078	1.000000
2591	2418	0.940396
2592	2690	0.333922
2593	2429	0.640658
2594	2439	0.246882
2595	2418	0.690604
2596	2534	0.502062
2597	2534	0.979983
2598	2569	0.561401
2599	2243	0.703684
2600	2243	1.000000
2601	2078	1.000000
2602	2043	1.000000
2603	2434	0.391484
2604	2180	1.000000
2605	2584	0.350820
2606	1815	1.000000
2607	2502	0.605333
2608	2584	0.491288
2609	2532	0.708758
2610	2132	1.000000
2611	2418	0.936384
2612	2418	0.955186
2613	1815	1.000000
2614	2531	0.470088
2615	2423	0.329744
2616	2423	0.329744
2617	2564	0.360558
2618	1815	1.000000
2619	2478	0.522132
2620	2455	0.502452
2621	1815	1.000000
2622	2432	0.416289
2623	2601	0.325444
2624	2715	0.326643
2625	2473	0.576443
2626	2713	0.473353
2627	2511	0.335418
2628	1815	1.000000
2629	2648	0.190423
2630	2584	0.419634
2631	2342	0.408690
2632	2453	0.283797
2633	2453	0.294050
2634	2517	0.462680
2635	2201	1.000000
2636	2531	0.371727
2637	1815	1.000000
2638	2569	0.302909
2639	2442	0.489523
2640	2442	0.473068
2641	2584	0.356029
2642	2078	1.000000
2643	2520	0.559443
2644	2564	0.356292
2645	2484	0.363331
2646	2562	0.315592
2647	2563	0.362170
2648	2593	0.391564
2649	2360	0.840681
2650	2517	0.495704
2651	2591	0.782669
2652	2726	0.582212
2653	2241	0.634824
2654	2501	0.449443
2655	2607	0.437249
2656	1815	1.000000
2657	2713	0.540751
2658	2607	0.499856
2659	2607	0.242778
2660	2532	0.730160
2661	2607	0.318892
2662	2584	0.327547
2663	2078	1.000000
2664	1815	1.000000
2665	2473	0.554138
2666	2363	0.440794
2667	2534	0.969652
2668	2341	0.833889
2669	2511	0.390494
2670	2341	0.506159
2671	2395	0.304280
2672	2705	0.189995
2673	2447	0.214519
2674	2517	0.369841
2675	2517	0.340355
2676	2468	0.518700
2677	2243	1.000000
2678	2723	0.271360
2679	2632	0.921790
2680	2591	0.808090
2681	2720	0.230580
2682	2713	0.704247
2683	2704	0.168047
2684	2756	0.244291
2685	2691	0.226055
2686	2511	1.000000
2687	2490	0.470680
2688	2342	0.431215
2689	2360	0.803611
2690	1815	1.000000
2691	2700	0.210729
2692	2423	0.332726
2693	2043	1.000000
2694	2596	0.609695
2695	2726	0.522544
2696	2462	0.337802
2697	2478	0.641306
2698	2078	1.000000
2699	2243	1.000000
2700	2490	0.683640
2701	2249	0.407211
2702	2414	0.313270
2703	2691	0.599805
2704	2632	0.944292
2705	2715	0.208957
2706	2641	0.178838
2707	2757	0.237437
2708	2633	0.390152
2709	2078	1.000000
2710	2243	1.000000
2711	2730	0.233108
2712	2074	1.000000
2713	2759	0.190821
2714	2596	0.680112
2715	2733	0.340971
2716	2453	0.350053
2717	2414	0.315191
2718	2591	0.336839
2719	2730	0.301522
2720	2622	0.414284
2721	2733	0.374801
2722	2243	1.000000
2723	2489	0.531844
2724	2719	0.871677
2725	2418	0.938799
2726	2754	0.289910
2727	2711	0.278396
2728	2633	0.704978
2729	2078	1.000000
2730	2423	0.248871
2731	2663	0.286466
2732	2378	0.629138
2733	2511	0.551012
2734	2634	0.154457
2735	2726	0.377063
2736	2701	0.229140
2737	2719	0.926107
2738	2414	0.374567
2739	2699	0.205129
2740	2633	0.498167
2741	2615	0.242320
2742	2243	1.000000
2743	2596	0.588535
2744	2211	0.651763
2745	2261	0.732624
2746	2524	0.714654
2747	2261	0.667871
2748	2201	1.000000
2749	2697	0.291416
2750	2078	1.000000
2751	2575	0.345747
2752	2341	0.542076
2753	2261	0.803080
2754	2632	0.900254
2755	2471	0.395491
2756	2742	0.432729
2757	2201	1.000000
2758	2378	0.686439
2759	2681	0.254318
2760	2726	0.456998
2761	2627	0.287575
2762	2378	0.642390
2763	2418	0.521737
2764	2762	0.452793
2765	2489	0.829513
2766	2632	0.814067
2767	2261	0.815457
2768	2740	0.524931
2769	2771	0.416515
2770	2575	0.374643
2771	2722	0.586512
2772	2211	1.000000
2773	2735	0.373069
2774	2456	0.816580
2775	2736	0.288972
2776	2261	1.000000
2777	2719	0.972256
2778	2743	0.494046
2779	2596	0.674975
2780	2201	1.000000
2781	2249	1.000000
2782	2596	0.678424
2783	2261	0.764956
2784	2243	1.000000
2785	2748	0.723720
2786	2719	0.917201
2787	2771	0.277490
2788	2201	1.000000
2789	2120	1.000000
2790	2509	0.448017
2791	2740	0.726109
2792	2243	1.000000
2793	2740	0.641403
2794	2632	0.860382
2795	2265	1.000000
2796	2602	0.419571
2797	2808	0.298219
2798	2201	1.000000
2799	2261	1.000000
2800	2201	1.000000
2801	2575	0.424423
2802	2243	1.000000
2803	2524	0.970617
2804	2762	0.326952
2805	2241	1.000000
2806	2632	0.782550
2807	2689	0.826787
2808	2762	0.652594
2809	2201	1.000000
2810	2748	0.596711
2811	2798	0.675457
2812	2743	0.458732
2813	2261	1.000000
2814	2771	0.297690
2815	2604	0.695189
2816	2201	1.000000
2817	2268	1.000000
2818	2201	1.000000
2819	2261	1.000000
2820	2201	1.000000
2821	2120	1.000000
2822	2201	1.000000
2823	2261	1.000000
2824	2265	1.000000
2825	2743	0.509174
2826	2798	0.350278
2827	2120	1.000000
2828	2261	1.000000
2829	2201	1.000000
2830	2237	1.000000
2831	2120	1.000000
2832	2489	0.410834
2833	2261	1.000000
2834	2740	0.790341
2835	2249	1.000000
2836	2509	0.493805
2837	2766	0.670141
2838	2604	0.714047
2839	2524	0.937225
2840	2456	0.456939
2841	2604	0.573413
2842	2734	0.549161
2843	2689	0.679268
2844	2748	0.643603
2845	2709	0.400694
2846	2211	1.000000
2847	2211	1.000000
2848	2261	1.000000
2849	2748	0.718788
2850	2261	1.000000
2851	2740	0.765672
2852	2237	1.000000
2853	2261	1.000000
2854	2509	0.591737
2855	2796	0.276404
2856	2211	1.000000
2857	2211	1.000000
2858	2237	1.000000
2859	2729	0.440741
2860	2748	0.696973
2861	2734	0.424357
2862	2524	0.725014
2863	2604	0.709911
2864	2524	0.914028
2865	2677	0.540017
2866	2799	0.531222
2867	2604	0.856319
2868	2604	0.631548
2869	2802	0.317031
2870	2762	0.609060
2871	2604	0.865824
2872	2604	0.793633
2873	2637	0.636068
2874	2637	0.771124
2875	2725	0.287795
2876	2798	0.652804
2877	2781	0.394942
2878	2646	0.461286
2879	2773	0.453411
2880	2834	0.349334
2881	2810	0.456945
2882	2773	0.393823
2883	2781	0.622655
2884	2801	0.505383
2885	2784	0.413588
2886	2781	0.683414
2887	2819	0.335902
2888	2762	0.363937
2889	2729	0.754645
2890	2604	0.472189
2891	2604	0.991168
2892	2843	0.298225
2893	2781	0.582152
2894	2637	0.880054
2895	2781	0.659015
2896	2859	0.287310
2897	2729	0.591229
2898	2859	0.482330
2899	2604	0.969798
2900	2604	0.969798
2901	2781	0.594523
2902	2859	0.345800
2903	2781	0.457431
2904	2729	0.498133
2905	2860	0.279289
2906	2839	0.484929
2907	2808	0.507818
2908	2808	0.498460
2909	2807	0.258681
2910	2859	0.737375
2911	2637	0.964986
2912	2807	0.255763
2913	2803	0.531268
2914	2781	0.525038
2915	2729	0.364181
2916	2822	0.493588
2917	2604	0.968303
2918	2835	0.522403
2919	2761	0.379592
2920	2866	0.634886
2921	2870	0.248458
2922	2871	0.216853
2923	2853	0.275485
2924	2604	0.639301
2925	2846	0.260291
2926	2788	0.351019
2927	2858	0.565623
2928	2761	0.756718
2929	2637	0.656617
2930	2913	0.314931
2931	2858	0.607848
2932	2932	0.285034
2933	2804	0.401546
2934	2806	0.186163
2935	2795	0.282783
2936	2822	0.295313
2937	2932	0.316787
2938	2795	0.253764
2939	2858	0.573092
2940	2932	0.288008
2941	2803	0.225663
2942	2637	0.422138
2943	2832	0.134747
2944	2866	0.536519
2945	2816	0.311225
2946	2775	0.603404
2947	2775	0.604423
2948	2906	0.222379
2949	2761	0.478193
2950	2865	0.313425
2951	2882	0.246047
2952	2913	0.397238
2953	2913	0.394591
2954	2803	0.233019
2955	2775	0.527406
2956	2832	0.171739
2957	2889	0.341357
2958	2880	0.263186
2959	2830	0.184836
2960	2901	0.326667
2961	2903	0.328118
2962	2890	0.232171
2963	2886	0.216754
2964	2898	0.330436
2965	2841	0.175061
2966	2814	0.289937
2967	2921	0.155816
2968	2785	0.209722
2969	2889	0.377565
2970	2976	0.161391
2971	2911	0.182106
2972	2830	0.137624
2973	2957	0.155684
2974	2966	0.143423
2975	2908	0.234748
2976	2836	0.189641
2977	2889	0.403005
2978	2850	0.174854
2979	2983	0.244029
2980	2907	0.259168
2981	2980	0.202710
2982	2850	0.162319
2983	2951	0.293384
2984	2944	0.284075
2985	2850	0.184800
2986	2922	0.212722
2987	2976	0.379145
2988	2976	0.347961
2989	2944	0.393977
2990	2920	0.189878
2991	2971	0.185038
2992	2953	0.305287
2993	2978	0.198583
2994	2919	0.134994
2995	2980	0.171530
2996	2955	0.331824
2997	2955	0.363406
2998	2955	0.326581
2999	2999	0.206921
3000	2996	0.199099
