-1.834340	-0.538967	1.036482
-1.822093	-0.572776	0.955576
-1.798807	-0.663564	1.022119
-1.766125	-0.817160	0.861391
-1.805642	-0.460067	0.970380
-1.736241	-0.865173	0.760934
-1.771322	-0.563210	1.119079
-1.729300	-0.824552	0.899926
-1.732081	-0.737175	0.988906
-1.741158	-0.619800	1.079524
-1.702681	-0.862376	0.858708
-1.712694	-0.721065	0.773811
-1.689695	-0.874571	0.841859
-1.723957	-0.575127	1.098097
-1.693839	-0.733449	0.747794
-1.677438	-0.792618	0.697840
-1.669073	-0.816442	0.674581
-1.649110	-0.945318	0.591050
-1.669768	-0.823339	0.890155
-1.636162	-1.003516	0.586781
-1.727540	-0.376878	1.119662
-1.703989	-0.532035	0.848385
-1.630086	-1.004309	0.622182
-1.621390	-1.015947	0.541919
-1.620297	-1.022203	0.556925
-1.618758	-1.023412	0.574669
-1.615041	-1.010947	0.515566
-1.720754	-0.356946	0.942205
-1.615537	-1.021274	0.593536
-1.638595	-0.853650	0.841848
-1.670714	-0.612671	1.026154
-1.632100	-0.805891	0.634689
-1.636262	-0.825592	0.866074
-1.637243	-0.803288	0.885937
-1.690046	-0.431521	1.109085
-1.683352	-0.464331	1.097498
-1.655342	-0.633975	1.000529
-1.600311	-1.005453	0.633156
-1.586924	-1.011509	0.452663
-1.685625	-0.378591	1.113416
-1.639401	-0.654487	0.975315
-1.582642	-0.935506	0.486729
-1.657608	-0.471729	1.073963
-1.584302	-0.935108	0.718657
-1.560969	-0.982480	0.420597
-1.630571	-0.551575	0.792674
-1.577104	-0.806273	0.573458
-1.536377	-1.159816	0.326186
-1.578424	-0.792540	0.832382
-1.611393	-0.566753	0.989185
-1.519146	-1.194459	0.280976
-1.514206	-1.152521	0.197726
-1.545079	-0.824011	0.526673
-1.526387	-1.006804	0.578193
-1.502065	-1.145323	0.172976
-1.567486	-0.663188	0.897103
-1.492039	-1.216662	0.073325
-1.541347	-0.783802	0.796237
-1.569876	-0.604920	0.930767
-1.488740	-1.112859	0.184605
-1.512198	-0.859823	0.463089
-1.529600	-0.769832	0.792411
-1.473684	-1.236239	0.223630
-1.473684	-1.236239	0.223630
-1.480047	-1.125152	0.385834
-1.457863	-1.364741	-0.006878
-1.559957	-0.520562	0.773543
-1.496661	-0.817644	0.491618
-1.451069	-1.268928	-0.061008
-1.516518	-0.689574	0.827039
-1.442381	-1.371729	-0.009941
-1.547522	-0.516602	0.956918
-1.464780	-0.963261	0.313798
-1.439840	-1.281971	-0.093097
-1.441306	-1.309953	0.107350
-1.434828	-1.293016	-0.112645
-1.536329	-0.522872	0.763616
-1.507527	-0.661311	0.835532
-1.430836	-1.358764	0.017398
-1.430674	-1.267042	-0.087595
-1.547126	-0.444775	0.811582
-1.476134	-0.822155	0.701718
-1.409828	-1.408931	-0.215705
-1.449800	-0.915343	0.353524
-1.459020	-0.876323	0.639462
-1.459020	-0.876323	0.639462
-1.474934	-0.755859	0.744339
-1.406882	-1.354224	-0.206232
-1.498260	-0.620560	0.852629
-1.426523	-1.141303	0.066649
-1.452916	-0.848033	0.429949
-1.504394	-0.560895	0.727536
-1.473593	-0.707676	0.774349
-1.409900	-1.234145	-0.072898
-1.430009	-0.948934	0.299905
-1.382951	-1.415063	-0.251128
-1.538353	-0.347589	0.859458
-1.505693	-0.493648	0.935708
-1.421292	-0.956282	0.284633
-1.455368	-0.725364	0.746312
-1.471221	-0.629073	0.823610
-1.394318	-1.227480	-0.082201
-1.505974	-0.445984	0.800015
-1.509647	-0.418344	0.979616
-1.467379	-0.583623	0.698589
-1.425316	-0.779385	0.491548
-1.371579	-1.368932	-0.004287
-1.395769	-0.946242	0.281023
-1.346656	-1.337932	-0.278043
-1.375869	-1.065231	0.348860
-1.494908	-0.352944	0.999397
-1.462612	-0.482444	0.911359
-1.315520	-1.455542	-0.329673
-1.437789	-0.561931	0.841257
-1.342179	-1.364889	-0.005507
-1.364952	-0.975417	0.228845
-1.392676	-0.735527	0.687909
-1.348007	-1.095787	0.291381
-1.483228	-0.281408	0.882402
-1.346665	-1.011574	0.174548
-1.325103	-1.198681	-0.098252
-1.293943	-1.303350	-0.292319
-1.261142	-1.367549	-0.414006
-1.294532	-1.281898	-0.257277
-1.238321	-1.416872	-0.461891
-1.319227	-1.067633	0.301518
-1.386478	-0.581699	0.791112
-1.318910	-1.040740	0.124205
-1.372712	-0.614570	0.760274
-1.324043	-0.909617	0.296845
-1.327970	-0.822522	0.564228
-1.274232	-1.252435	-0.226701
-1.438533	-0.252994	0.890096
-1.303192	-0.958225	0.227508
-1.247755	-1.452146	-0.225398
-1.438213	-0.214163	1.005632
-1.331927	-0.661375	0.588585
-1.281558	-1.019868	0.331355
-1.185904	-1.348636	-0.465895
-1.225171	-1.288598	-0.340283
-1.260096	-1.334285	0.004888
-1.172879	-1.363445	-0.493319
-1.217693	-1.293500	-0.356017
-1.254737	-1.204915	-0.157532
-1.210022	-1.298297	-0.371751
-1.273491	-0.970418	0.380346
-1.279872	-0.881803	0.475227
-1.155934	-1.444458	-0.499541
-1.314154	-0.650572	0.594719
-1.253347	-1.159169	-0.079730
-1.142063	-1.371441	-0.529643
-1.413691	-0.220965	0.999896
-1.253145	-1.133093	-0.038351
-1.354444	-0.446320	0.868411
-1.316923	-0.586101	0.750441
-1.288003	-0.730393	0.502811
-1.270155	-0.849010	0.356482
-1.296838	-0.646758	0.694893
-1.373810	-0.318499	0.959586
-1.190800	-1.450671	-0.272026
-1.251391	-0.933133	0.244408
-1.379167	-0.246823	0.883055
-1.250904	-0.880848	0.311495
-1.324316	-0.459591	0.842656
-1.188219	-1.240241	-0.287026
-1.198347	-1.221049	-0.233483
-1.214524	-1.271670	0.052276
-1.219435	-1.136264	0.181036
-1.246621	-0.793778	0.541079
-1.198224	-1.383860	-0.081841
-1.136884	-1.275414	-0.408522
-1.359255	-0.239291	0.884101
-1.342138	-0.304417	0.950936
-1.194854	-1.249143	0.066957
-1.180513	-1.371188	-0.065700
-1.188796	-1.208435	0.102264
-1.276869	-0.480819	0.806187
-1.293130	-0.403873	0.792681
-1.034533	-1.452450	-0.563256
-1.194453	-0.967952	0.180164
-1.311343	-0.310138	0.931648
-1.258056	-0.500503	0.784925
-1.087820	-1.251007	-0.420323
-1.121860	-1.439190	-0.252670
-1.147935	-1.366096	-0.066121
-1.232400	-0.553698	0.666242
-1.165734	-0.966868	0.336672
-1.089120	-1.224767	-0.354830
-1.234247	-0.493299	0.717827
-1.142241	-1.214329	0.086924
-1.148527	-1.068618	0.019758
-1.151657	-1.022290	0.089074
-0.961223	-1.275096	-0.601369
-1.138357	-1.056500	0.237999
-0.880155	-1.401601	-0.740063
-0.867955	-1.388550	-0.758207
-1.285841	-0.215738	0.967127
-0.929842	-1.271476	-0.631856
-0.964501	-1.246149	-0.561068
-0.831948	-1.303459	-0.804394
-1.112695	-1.248992	0.050963
-1.153371	-0.736683	0.458002
-1.089814	-1.169863	-0.199814
-1.295195	-0.107280	0.961744
-1.123909	-0.986548	0.130885
-0.945406	-1.453848	-0.557067
-1.213428	-0.379004	0.792515
-1.034835	-1.194223	-0.346991
-1.107403	-0.989790	0.295619
-1.100287	-1.093204	0.193896
-1.048471	-1.184255	-0.289129
-0.931576	-1.206777	-0.551452
-0.787350	-1.225038	-0.828859
-1.256455	-0.176594	0.975230
-1.054416	-1.169357	-0.234410
-1.081905	-1.222422	0.070759
-1.270463	-0.096617	0.956734
-1.000091	-1.452053	-0.361250
-1.106468	-0.794843	0.481344
-0.849549	-1.221839	-0.682156
-0.745471	-1.197972	-0.904233
-0.877676	-1.201401	-0.625979
-0.728781	-1.195661	-0.948037
-0.740253	-1.189897	-0.915278
-1.077603	-1.155432	0.131993
-0.968397	-1.184767	-0.441919
-0.968397	-1.184767	-0.441919
-0.731712	-1.174701	-0.930671
-0.707902	-1.203412	-0.996184
-1.245450	-0.156317	0.981025
-1.066010	-1.110425	-0.084836
-1.090726	-0.928261	0.200209
-1.103938	-0.765686	0.409181
-0.948885	-1.175626	-0.455433
-0.714169	-1.147001	-0.947156
-1.037907	-1.372862	-0.101008
-1.090138	-0.735230	0.532059
-1.140740	-0.471607	0.710125
-1.039149	-1.131891	-0.145199
-0.884856	-1.431467	-0.547469
-0.714238	-1.290693	-0.894904
-1.090672	-0.709213	0.469830
-0.764594	-1.366859	-0.762312
-0.948918	-1.444870	-0.377568
-0.951159	-1.443735	-0.367159
-1.036067	-1.095439	-0.072778
-0.753794	-1.359228	-0.766057
-1.177114	-0.254423	0.851079
-0.663096	-1.226641	-1.014401
-1.037303	-1.045465	0.227449
-0.780650	-1.136031	-0.706677
-1.054355	-0.858816	0.279171
-0.690254	-1.277505	-0.894321
-1.043640	-0.954770	0.147274
-0.565804	-1.146820	-1.408675
-0.785925	-1.374572	-0.662006
-0.933357	-1.434987	-0.341720
-0.528642	-1.064654	-1.523817
-1.066265	-0.606464	0.636639
-1.032468	-0.808938	0.444264
-0.667080	-1.055348	-0.944788
-1.006070	-1.081729	-0.064518
-1.126643	-0.321491	0.806372
-1.066241	-0.572365	0.603223
-0.562779	-1.063828	-1.328707
-0.995577	-1.088955	-0.084980
-1.030953	-0.776359	0.373003
-0.671846	-1.041099	-0.891172
-0.598579	-1.170819	-1.129885
-0.626879	-1.212391	-0.994060
-0.691394	-1.301209	-0.783420
-0.980549	-1.090789	-0.099572
-0.790352	-1.344233	-0.577065
-0.631917	-1.017762	-0.985778
-0.776263	-1.329460	-0.594634
-0.666467	-1.266911	-0.822995
-0.988783	-0.926145	0.326041
-0.844861	-1.375713	-0.443867
-0.508848	-1.011465	-1.453750
-1.003750	-0.707933	0.526922
-0.883590	-1.415967	-0.322716
-0.577522	-1.008710	-1.134420
-0.902683	-1.116281	-0.301843
-0.465315	-0.991998	-1.598771
-1.100761	-0.244430	0.839644
-1.032422	-0.510041	0.646650
-0.502286	-1.156025	-1.472793
-0.745967	-1.249931	-0.596859
-1.013459	-0.558621	0.656954
-0.637784	-1.210933	-0.828830
-0.984711	-0.694012	0.532413
-0.813384	-1.309300	-0.448449
-0.793598	-1.269898	-0.487682
-1.055828	-0.353613	0.767644
-0.777857	-1.247843	-0.513640
-0.852750	-1.399002	-0.331726
-0.636377	-0.981754	-0.859591
-0.824321	-1.067444	-0.422709
-0.931762	-1.264691	0.021545
-0.456540	-0.958991	-1.546771
-0.536859	-1.141039	-1.190653
-0.473438	-1.129450	-1.513001
-0.735596	-1.018469	-0.590197
-0.487725	-0.972264	-1.395618
-0.446003	-0.950328	-1.562082
-0.439766	-0.949439	-1.582832
-1.079969	-0.188014	0.859932
-0.508852	-0.970868	-1.283704
-0.713521	-1.002385	-0.621810
-0.931159	-0.945980	0.298345
-0.970944	-0.628226	0.516318
-0.760910	-1.184613	-0.492052
-0.910678	-1.062600	-0.100451
-1.137590	0.023584	0.996925
-1.130823	0.010124	0.972074
-1.061709	-0.207579	0.846396
-0.722553	-1.000319	-0.576305
-0.994427	-0.439591	0.739036
-0.432577	-0.929420	-1.551678
-1.128752	0.027438	0.987175
-0.428059	-0.928491	-1.565869
-1.043985	-0.244500	0.868025
-0.458841	-0.942115	-1.432995
-0.946810	-0.682742	0.450075
-0.918829	-0.847927	0.378335
-0.556653	-0.939418	-1.012248
-0.803187	-1.246790	-0.355475
-0.442966	-0.928089	-1.487670
-0.616052	-0.942168	-0.815139
-0.399205	-1.018157	-1.683829
-0.648091	-0.957603	-0.722027
-0.737332	-1.139851	-0.492849
-0.922304	-0.857729	0.230915
-0.922304	-0.857729	0.230915
-0.906847	-0.930607	0.307230
-0.903170	-1.048034	0.211762
-1.026037	-0.268048	0.849855
-0.787283	-1.172318	-0.381251
-0.802706	-1.318830	-0.319036
-0.924582	-0.783137	0.325792
-0.799691	-1.280933	-0.324889
-0.902596	-0.983899	0.041165
-0.652393	-1.104566	-0.652021
-1.016708	-0.266541	0.804827
-0.981528	-0.388502	0.766891
-0.584635	-1.091276	-0.806195
-0.691397	-1.105713	-0.553868
-0.902560	-0.888972	0.180058
-0.481579	-0.928981	-1.245503
-0.504692	-1.090438	-1.105504
-0.504692	-1.090438	-1.105504
-0.900085	-0.757615	0.450019
-0.998167	-0.284213	0.789561
-0.355965	-0.927114	-1.746708
-0.838822	-1.053849	-0.197842
-0.788948	-1.186375	-0.299462
-0.682566	-1.086887	-0.538617
-1.009600	-0.210669	0.874683
-0.863601	-1.019496	-0.051061
-1.003251	-0.217193	0.825115
-0.780690	-1.253305	-0.280223
-0.426115	-0.898906	-1.415514
-0.720782	-1.099775	-0.439763
-0.965021	-0.330717	0.751457
-0.349825	-0.971063	-1.728582
-1.081548	0.045047	1.019699
-0.481467	-1.067488	-1.104198
-1.007014	-0.166062	0.898559
-0.871050	-0.848739	0.219580
-0.473830	-0.899462	-1.153075
-0.784202	-1.007479	-0.278045
-0.843376	-1.160502	0.124975
-0.900324	-0.527254	0.584543
-0.634989	-1.040787	-0.574477
-0.401001	-0.870878	-1.434092
-0.821342	-1.022081	-0.102192
-0.692169	-1.067819	-0.436579
-0.823897	-1.220601	0.072626
-0.461958	-0.882462	-1.132656
-0.867076	-0.639905	0.464112
-0.443920	-1.064864	-1.173690
-0.762597	-1.372942	-0.167031
-0.549831	-1.004500	-0.740950
-0.775029	-1.360726	-0.112575
-0.692941	-0.940975	-0.432375
-0.856378	-0.592520	0.567835
-0.779726	-1.339555	-0.071292
-0.744794	-1.363751	-0.184384
-0.430307	-0.868244	-1.211406
-0.731390	-1.309132	-0.214296
-0.969521	-0.125334	0.908183
-0.825491	-0.803367	0.255733
-0.736245	-1.086679	-0.253223
-0.506299	-0.985609	-0.812387
-0.605708	-0.999446	-0.552837
-0.427652	-1.029245	-1.126910
-0.796771	-0.972644	0.264898
-0.405283	-1.059350	-1.245297
-0.782591	-1.220876	0.078831
-0.705754	-1.071889	-0.293620
-0.497153	-0.830714	-0.875908
-0.352542	-0.822535	-1.460007
-0.804167	-0.780886	0.272971
-0.782763	-1.043360	0.216816
-0.373459	-1.021787	-1.369395
-0.779530	-1.078266	0.193330
-0.414932	-1.009670	-1.108642
-0.894544	-0.253527	0.812680
-0.983026	0.023411	0.932193
-0.522524	-0.811467	-0.774352
-0.853823	-0.399917	0.666971
-0.698337	-1.316151	-0.180525
-0.773606	-0.858732	0.340552
-0.401995	-0.837642	-1.187036
-0.785269	-0.807109	0.228387
-0.607338	-0.863915	-0.521793
-0.308407	-0.944619	-1.596946
-0.850113	-0.369278	0.687077
-0.700846	-1.177975	-0.158127
-0.346669	-0.977281	-1.419013
-0.971782	0.039545	0.937063
-0.731606	-0.948457	-0.174041
-0.708439	-1.071579	-0.179027
-0.698894	-1.148100	-0.153022
-0.162133	-0.699882	-2.135532
-0.733115	-1.288323	0.011871
-0.318133	-0.795074	-1.498979
-0.165507	-0.727610	-2.107088
-0.533065	-0.800927	-0.695910
-0.168301	-0.736739	-2.088348
-0.496888	-0.794935	-0.791413
-0.924157	-0.062913	0.873797
-0.151822	-0.709318	-2.149634
-0.184525	-0.720978	-2.003868
-0.693283	-1.348915	-0.101858
-0.178407	-0.715435	-2.026882
-0.752481	-0.772912	0.398221
-0.682410	-0.905104	-0.283416
-0.682410	-0.905104	-0.283416
-0.551633	-0.814103	-0.620616
-0.383173	-0.819103	-1.180999
-0.743432	-1.015531	0.238517
-0.583655	-0.959109	-0.480632
-0.271751	-0.906940	-1.659971
-0.750005	-0.872251	0.111394
-0.693158	-1.061776	-0.154430
-0.670287	-1.232841	-0.146858
-0.737276	-1.120081	0.170991
-0.981683	0.132972	0.989377
-0.589014	-0.960278	-0.457179
-0.383932	-0.971806	-1.090356
-0.820891	-0.358663	0.683718
-0.673982	-1.170371	-0.128379
-0.335039	-0.952390	-1.359386
-0.758022	-0.695335	0.350004
-0.392852	-0.951776	-1.026484
-0.765537	-0.624015	0.433735
-0.672046	-1.025547	-0.220995
-0.678504	-1.096419	-0.128680
-0.179568	-0.704748	-1.962903
-0.675225	-1.102677	-0.124201
-0.917734	-0.022986	0.948731
-0.433708	-0.904791	-0.847266
-0.650513	-1.022203	-0.258676
-0.209205	-0.834301	-1.828039
-0.724183	-0.783630	0.384435
-0.252372	-0.883986	-1.660955
-0.589084	-0.832073	-0.459486
-0.151752	-0.762442	-2.033202
-0.381361	-0.932801	-1.012752
-0.375466	-0.936425	-1.032811
-0.621801	-0.996696	-0.306808
-0.644948	-1.009759	-0.235278
-0.770713	-0.430268	0.657448
-0.651349	-1.124756	-0.097200
-0.786450	-0.361918	0.668418
-0.349736	-0.946393	-1.135512
-0.170235	-0.790483	-1.916362
-0.539691	-0.909233	-0.500190
-0.820321	-0.213180	0.770718
-0.697919	-1.021476	0.240986
-0.211255	-0.845377	-1.745105
-0.186546	-0.816813	-1.832699
-0.231464	-0.728737	-1.641045
-0.736388	-0.507669	0.589313
-0.178463	-0.807732	-1.851260
-0.622738	-0.995010	-0.242710
-0.752764	-0.412747	0.663169
-0.645426	-1.031662	-0.091406
-0.659564	-1.285462	0.030232
-0.728290	-0.521835	0.516828
-0.629431	-0.843556	-0.266334
-0.203757	-0.712315	-1.706037
-0.908113	0.104396	0.950254
-0.888133	0.035023	0.972906
-0.612160	-0.829199	-0.299364
-0.302127	-0.888584	-1.274744
-0.492836	-0.756980	-0.617934
-0.723391	-0.453404	0.623647
-0.052868	-0.616852	-2.407311
-0.141272	-0.661461	-1.922789
-0.373072	-0.755967	-0.965274
-0.396902	-0.748997	-0.878651
-0.661899	-0.990627	0.264633
-0.060686	-0.556180	-2.424585
-0.613890	-1.039776	-0.054331
-0.244295	-0.733867	-1.478712
-0.678358	-0.670153	0.329754
-0.749888	-0.288386	0.702812
-0.181749	-0.694680	-1.708345
-0.488117	-0.749618	-0.587302
-0.612986	-1.309322	-0.003964
-0.761537	-0.228671	0.742521
-0.647179	-0.789767	0.369253
-0.649320	-0.848977	0.038360
-0.360416	-0.742028	-0.956237
-0.178848	-0.809156	-1.701092
-0.029828	-0.566933	-2.628138
-0.029815	-0.564005	-2.639160
-0.638603	-0.856573	-0.022131
-0.781368	-0.127432	0.802450
-0.138721	-0.657113	-1.827938
-0.796756	-0.072983	0.834147
-0.642442	-0.791376	0.137064
-0.048426	-0.539686	-2.382731
-0.035997	-0.538715	-2.526713
-0.230829	-0.718817	-1.441621
-0.592931	-0.974062	-0.040230
-0.593155	-0.967016	-0.042666
-0.586987	-1.306654	0.005127
-0.036116	-0.531710	-2.486725
-0.345427	-0.726971	-0.951950
-0.624645	-1.132489	0.196076
-0.281816	-0.840598	-1.165529
-0.600735	-0.802695	-0.167985
-0.571723	-1.027179	-0.016978
-0.569130	-1.035590	-0.015817
-0.880538	0.190254	1.017600
-0.865374	0.166791	0.966835
-0.686215	-0.367471	0.620619
-0.124985	-0.646693	-1.808179
-0.648435	-0.508534	0.556874
-0.090589	-0.738869	-1.940021
-0.559095	-0.921699	-0.196901
-0.610650	-0.728784	0.401954
-0.615951	-0.777193	0.129379
-0.110033	-0.635868	-1.848603
-0.198395	-0.803815	-1.497360
-0.601732	-1.196300	0.157080
-0.226802	-0.807232	-1.367323
-0.549990	-1.067567	-0.008101
-0.412823	-0.804571	-0.621599
-0.605089	-1.047615	0.255540
-0.596137	-0.791921	-0.096467
-0.542611	-1.105070	-0.016484
-0.273283	-0.709616	-1.163936
-0.599292	-1.002247	0.278614
-0.210730	-0.799543	-1.408973
-0.597850	-1.136564	0.207223
-0.117056	-0.641656	-1.770947
-0.565852	-0.766595	-0.206082
-0.162508	-0.780055	-1.594747
-0.258474	-0.703224	-1.203522
0.019357	-0.594698	-2.788521
0.025782	-0.620254	-2.586906
-0.304571	-0.805184	-0.931239
-0.535351	-1.049805	0.005815
-0.341500	-0.795275	-0.796104
-0.280653	-0.805702	-1.033097
0.031425	-0.622989	-2.632458
-0.583359	-0.930418	0.309515
-0.016108	-0.515028	-2.403434
-0.188897	-0.787558	-1.456240
-0.543397	-0.890704	-0.156352
-0.313310	-0.798313	-0.881957
-0.675401	-0.268401	0.723944
-0.675401	-0.268401	0.723944
-0.693514	-0.208192	0.765083
-0.294287	-0.798944	-0.952147
-0.429314	-0.800093	-0.525977
-0.009149	-0.509745	-2.479754
-0.827284	0.145965	1.009953
-0.039636	-0.566572	-2.097517
-0.528092	-1.000421	0.019973
-0.009512	-0.650919	-2.195714
-0.107097	-0.749837	-1.746716
0.008428	-0.631612	-2.301594
-0.365324	-0.781471	-0.687105
-0.176973	-0.776883	-1.460066
-0.563530	-0.835210	0.346443
-0.247314	-0.785614	-1.127302
-0.519517	-0.984468	0.027590
-0.240727	-0.783762	-1.153888
-0.503336	-1.300939	-0.026431
-0.040139	-0.574964	-2.021202
0.028656	-0.561060	-2.840017
-0.572027	-0.666614	0.244307
-0.733237	-0.028653	0.886742
-0.244570	-0.676623	-1.148362
-0.670673	-0.186731	0.768832
-0.800239	0.170133	0.949323
-0.792778	0.126005	0.992734
-0.097959	-0.629781	-1.699884
-0.818513	1.187997	1.336622
-0.013219	-0.540899	-2.137715
-0.502474	-0.853732	-0.186056
-0.802380	1.243833	1.318677
-0.535789	-0.731564	-0.131905
-0.335210	-0.764235	-0.713175
-0.530741	-0.726093	-0.145098
-0.549787	-1.137624	0.239308
-0.484856	-0.795950	-0.260428
-0.714041	-0.027295	0.881849
-0.538279	-0.729433	-0.067462
-0.693201	-0.063151	0.806649
-0.820465	1.081887	1.303655
-0.787282	1.236498	1.285452
-0.797067	0.220136	0.973471
-0.227286	-0.753156	-1.100652
-0.486840	-0.812453	-0.207618
-0.737301	0.047852	0.934539
-0.556950	-0.542103	0.379649
-0.767036	1.380253	1.343583
0.071034	-0.604840	-2.819426
-0.823195	1.010200	1.291827
-0.172669	-0.652164	-1.334487
-0.803033	1.073442	1.250271
0.006425	-0.528407	-2.139941
-0.469086	-1.290187	0.020691
-0.790710	1.118480	1.244188
-0.816712	0.963790	1.229905
-0.281060	-0.650576	-0.905379
0.015514	-0.649519	-2.082988
-0.303037	-0.653479	-0.821823
0.083356	-0.623877	-2.624929
-0.554120	-0.447299	0.564991
0.087232	-0.626366	-2.664959
-0.499325	-0.691227	-0.158154
-0.752125	1.435148	1.387288
-0.747143	1.450306	1.378023
-0.801415	0.931041	1.153914
-0.441594	-1.223290	-0.009097
-0.758518	1.221675	1.246605
-0.752750	1.428524	1.405546
-0.830363	0.796802	1.235910
-0.499888	-0.818798	0.364468
-0.157936	-0.721589	-1.310489
-0.510384	-0.672701	0.145286
-0.438133	-0.673127	-0.355967
-0.729297	1.391858	1.290300
-0.466079	-1.274003	0.085942
-0.505089	-0.933520	0.349433
0.025868	-0.517630	-2.144222
-0.465554	-0.837134	0.064834
0.090047	-0.611747	-2.541561
-0.508825	-1.158430	0.258239
-0.458463	-0.788157	-0.167849
-0.829095	0.783405	1.288323
-0.829035	0.791364	1.301795
-0.729678	1.521956	1.405193
0.100181	-0.619152	-2.625941
0.074841	-0.604890	-2.351498
-0.685839	0.046862	0.862967
-0.113878	-0.614989	-1.445512
-0.777165	0.261516	1.064315
-0.477173	-1.245874	0.161613
-0.410759	-0.742600	-0.350863
0.048818	-0.492670	-2.328164
-0.504950	-1.098520	0.306503
0.107476	-0.613724	-2.792281
-0.290146	-0.631346	-0.787566
-0.527784	-0.418885	0.483517
-0.603422	-0.153835	0.765138
-0.788826	1.165922	1.511143
-0.723753	1.544411	1.435637
-0.227250	-0.613708	-1.002578
0.110855	-0.441512	-3.043482
0.071115	-0.464066	-2.855642
-0.420269	-0.653625	-0.340140
0.081668	-0.465696	-2.905602
0.142901	-0.559094	-3.096849
0.061324	-0.475685	-2.444379
0.052722	-0.495281	-2.226543
-0.065701	-0.593177	-1.564965
-0.710219	1.596926	1.430857
-0.471087	-0.858077	0.372967
-0.442226	-0.766942	-0.100452
-0.464956	-0.711020	0.404087
-0.752340	0.247829	1.064977
-0.483819	-0.976233	0.367864
-0.725671	1.472291	1.476773
-0.483379	-1.160742	0.281311
-0.100729	-0.690664	-1.410723
-0.754947	1.278741	1.511422
0.046700	-0.510467	-2.089321
-0.715053	0.201561	0.940252
-0.700461	1.634050	1.432778
-0.067579	-0.587107	-1.526666
0.050509	-0.508369	-2.104685
-0.767144	0.760809	1.085752
-0.158684	-0.688370	-1.165300
0.083735	-0.448132	-2.847440
-0.492840	-0.449651	0.545103
-0.411028	-0.959208	0.116999
-0.332210	-0.628272	-0.581691
-0.445494	-0.637098	-0.151525
-0.673567	1.711167	1.353448
-0.723523	0.248534	0.965636
-0.055164	-0.580373	-1.550647
-0.767818	0.707827	1.096597
-0.418756	-0.810015	0.112937
-0.693677	1.658147	1.441915
-0.739502	0.254322	1.069432
-0.461363	-0.613922	0.148959
-0.163964	-0.680346	-1.116447
0.121848	-0.400413	-2.991128
0.039897	-0.516859	-1.964412
-0.224379	-0.591340	-0.939203
-0.462758	-0.554548	0.479882
-0.002949	-0.662293	-1.728726
-0.659060	0.093448	0.875742
-0.661136	1.703109	1.333477
-0.034123	-0.571395	-1.605432
-0.381313	-0.631888	-0.385549
-0.299988	-0.614183	-0.663154
-0.721333	0.270553	0.978451
-0.658482	1.686125	1.327651
-0.657621	1.629040	1.317956
-0.079516	-0.579489	-1.437086
0.213765	-0.435749	-3.215388
-0.398487	-0.967515	0.124839
-0.701867	1.589777	1.497324
-0.440189	-0.749736	0.396779
-0.389744	-0.705593	-0.283108
-0.143286	-0.580535	-1.211516
-0.011192	-0.552954	-1.678577
-0.410482	-0.784182	0.118511
-0.282752	-0.605942	-0.711301
0.003239	-0.540496	-1.736720
-0.397355	-0.914859	0.137023
-0.001034	-0.543527	-1.715563
-0.204623	-0.581360	-0.988211
-0.757132	0.672986	1.100332
0.122591	-0.584043	-2.484099
0.194863	-0.360951	-3.145105
-0.650360	1.604189	1.308535
-0.650360	1.604189	1.308535
-0.375359	-1.181734	0.041957
-0.389349	-1.016534	0.116357
0.283551	-0.272305	-3.315349
0.037828	-0.517106	-1.880622
-0.381561	-1.095767	0.081804
-0.739651	0.744581	1.071861
-0.295901	-0.606379	-0.643421
-0.409318	-0.725335	-0.081355
-0.409318	-0.725335	-0.081355
0.283526	-0.300932	-3.313584
0.152541	-0.604861	-2.861738
-0.393159	-0.827003	0.144111
0.147783	-0.600180	-2.813222
-0.726360	0.835990	1.076155
0.041064	-0.636720	-1.849916
0.275961	-0.237053	-3.273043
-0.703994	1.022066	1.127101
-0.728989	0.790024	1.069920
-0.606825	-0.002309	0.861234
-0.382965	-0.974931	0.135104
0.285158	-0.356208	-3.318523
-0.120927	-0.659441	-1.216874
0.032268	-0.518755	-1.810148
-0.597250	-0.017192	0.848439
-0.426408	-0.810850	0.397805
-0.693396	1.066254	1.140404
-0.078498	-0.655204	-1.368217
0.115907	-0.411413	-2.861707
-0.455251	-0.448039	0.537506
-0.043557	-0.556104	-1.495766
-0.605852	0.011291	0.869170
-0.448267	-0.960393	0.412243
-0.595181	0.008116	0.807552
-0.398883	-0.709639	-0.055401
0.315898	-0.290039	-3.348762
0.145976	-0.364814	-2.962225
-0.701930	1.398557	1.541220
-0.706205	1.363953	1.545136
0.323045	-0.275394	-3.356208
-0.454882	-0.418675	0.410955
-0.259474	-0.583597	-0.730290
-0.772337	0.867280	1.510851
-0.662891	1.730328	1.466078
-0.628623	1.507302	1.265603
-0.729578	1.212710	1.581575
0.077071	-0.494203	-2.012109
-0.768617	0.892213	1.530869
-0.426320	-0.541785	0.483403
-0.434588	-0.923067	0.422791
-0.066895	-0.644677	-1.371177
-0.220541	-0.564290	-0.857101
-0.352435	-1.143552	0.074964
-0.741019	1.122440	1.598332
-0.653072	1.758876	1.454855
-0.365797	-0.884637	0.169777
0.129995	-0.391629	-2.852346
-0.648391	0.188166	0.911625
-0.578040	-0.008619	0.846059
-0.615910	1.726119	1.316616
-0.352642	-1.085408	0.107368
0.120835	-0.562884	-2.193665
-0.146600	-0.544726	-1.097134
-0.019613	-0.534487	-1.515729
-0.012899	-0.532861	-1.536090
-0.621599	1.412289	1.233596
-0.760293	0.715867	1.417490
-0.716023	1.215324	1.597393
-0.240629	-0.676115	-0.656202
-0.093853	-0.540714	-1.256923
-0.475276	-0.257078	0.660500
-0.446836	-0.341118	0.484470
-0.095195	-0.632476	-1.216317
-0.361208	-0.739869	0.175863
-0.572843	0.012214	0.856193
0.050320	-0.496940	-1.753040
0.139378	-0.550099	-2.283803
-0.736320	0.619730	1.271005
0.058030	-0.492997	-1.778660
0.237122	-0.590336	-3.088520
0.056635	-0.492578	-1.765077
0.110865	-0.466381	-2.116903
0.123406	-0.568290	-2.095473
0.094819	-0.592089	-1.915482
-0.138125	-0.530801	-1.080714
-0.744582	0.679789	1.396004
-0.049877	-0.525819	-1.363449
-0.590101	1.675677	1.295819
0.167815	-0.554151	-2.592762
0.169376	-0.554984	-2.610987
-0.420765	-0.389742	0.564815
-0.607785	0.127468	0.941417
0.131047	-0.400188	-2.655547
0.132924	-0.426800	-2.544176
-0.675321	1.337152	1.592177
-0.588961	1.484654	1.244119
-0.357268	-0.640908	0.092683
0.435641	-0.002125	-3.408318
-0.664671	1.391337	1.587653
-0.710402	1.115490	1.635846
-0.446153	-0.262458	0.648419
-0.635352	1.062422	1.126922
0.150837	-0.362330	-2.774429
-0.690078	1.215894	1.628133
-0.729203	0.862769	1.554108
0.128222	-0.447658	-2.135867
0.148126	-0.538084	-2.173733
-0.620201	1.142387	1.149006
0.136852	-0.430859	-2.270333
0.462191	-0.067809	-3.463596
-0.150412	-0.515586	-0.983152
0.388243	-0.358012	-3.370290
-0.568047	1.665642	1.289225
-0.567766	1.585822	1.270390
-0.188369	-0.638556	-0.745172
0.148220	-0.420549	-2.498840
0.147491	-0.384611	-2.640781
-0.360424	-0.759642	0.443184
-0.589367	1.302298	1.195701
-0.313567	-0.639019	-0.200433
0.174730	-0.518155	-2.408776
-0.115100	-0.595903	-1.027365
-0.194216	-0.638268	-0.700026
-0.353023	-0.624375	0.457429
-0.635853	1.509464	1.606403
0.091294	-0.579462	-1.744416
0.183011	-0.519783	-2.482639
0.316266	-0.122520	-3.108806
0.012044	-0.488417	-1.465087
-0.281154	-0.554394	-0.415478
-0.305213	-0.979612	0.192066
0.170531	-0.513978	-2.253963
-0.572474	0.133607	0.931878
-0.594736	1.167928	1.153048
0.158774	-0.389134	-2.594286
-0.696991	1.014185	1.650440
-0.703764	0.903357	1.599638
0.087065	-0.460551	-1.714535
-0.066399	-0.586640	-1.166420
-0.337530	-0.512439	0.001743
-0.624079	0.842223	1.061597
-0.014714	-0.486426	-1.354270
0.221620	-0.549973	-2.784626
-0.425678	-0.184194	0.604306
0.164959	-0.365061	-2.630596
-0.626372	1.443564	1.619046
-0.606444	0.979226	1.098599
0.009008	-0.482111	-1.415698
-0.134326	-0.593426	-0.895268
0.128741	-0.446172	-1.882410
-0.164882	-0.504119	-0.846424
-0.560290	1.332432	1.204297
0.152845	-0.431909	-2.060408
-0.384090	-0.967526	0.523103
0.159069	-0.413031	-2.153750
0.205104	-0.514188	-2.580657
-0.627359	0.653879	1.040601
-0.672033	0.614418	1.288278
-0.600550	1.721244	1.581424
0.434076	0.073150	-3.251444
-0.534780	1.738510	1.299753
-0.328162	-0.678977	0.466267
0.444800	0.082558	-3.267433
-0.578815	1.875397	1.481048
-0.679234	1.006784	1.663331
-0.582717	0.285899	0.927028
-0.659819	1.144362	1.678179
-0.388631	-0.233925	0.529515
0.458120	0.092177	-3.283955
-0.001614	-0.469938	-1.345994
-0.618057	0.611558	1.036697
-0.313082	-0.489876	-0.006653
-0.559763	0.228588	0.891784
0.239847	-0.536714	-2.783023
-0.244609	-0.527764	-0.451700
-0.589130	1.741017	1.583492
-0.033328	-0.565178	-1.211088
-0.266534	-1.085424	0.167204
-0.589691	0.919529	1.078568
-0.561728	1.913579	1.440688
-0.326106	-0.513303	0.504143
-0.607369	1.434486	1.637776
-0.670889	0.985879	1.661673
-0.604373	0.711017	1.036942
0.169570	-0.410992	-2.078559
0.294759	-0.535000	-3.003641
0.173971	-0.396540	-2.152462
-0.597001	1.550714	1.636076
-0.147301	-0.488232	-0.851739
-0.596625	0.407332	0.989923
0.002666	-0.461828	-1.334993
-0.373872	-1.093190	0.503775
0.057618	-0.443359	-1.501839
0.456233	-0.346483	-3.374805
-0.273491	-0.858175	0.263076
-0.516051	1.557483	1.266139
-0.190365	-0.504919	-0.664211
-0.279974	-0.637776	0.269911
-0.603248	0.605694	1.030403
0.181786	-0.384322	-2.244838
-0.256399	-0.517358	-0.328884
-0.592350	1.531959	1.640452
-0.645217	1.137513	1.691123
0.010966	-0.456702	-1.345330
-0.533079	1.325755	1.203932
-0.372844	-1.024587	0.550398
0.077486	-0.438553	-1.549489
-0.570353	0.325581	0.940234
-0.599520	0.535273	1.023128
-0.510083	1.726182	1.295440
0.240354	-0.511999	-2.704376
-0.344259	-0.297439	0.407283
0.189970	-0.382894	-2.324792
-0.662547	0.844004	1.569633
-0.248908	-0.593794	-0.230475
0.192238	-0.382740	-2.342203
-0.178877	-0.495981	-0.686043
0.253509	-0.521451	-2.762573
-0.265527	-0.829135	0.278113
-0.326235	-0.415442	0.545515
-0.088759	-0.467487	-1.023618
0.321822	-0.102107	-2.975763
-0.643221	1.104286	1.698497
-0.324474	-0.344493	0.318499
0.198535	-0.338999	-2.581401
0.266557	-0.199286	-2.866222
-0.271106	-0.548899	0.029921
-0.579408	0.760417	1.037393
0.203672	-0.487432	-2.115735
0.032366	-0.542759	-1.359566
0.179624	-0.507789	-1.920528
-0.560678	1.846286	1.548505
0.155604	-0.522366	-1.787639
0.314604	-0.516830	-2.997601
0.319910	-0.514218	-3.013504
-0.633787	1.124570	1.700912
0.224213	-0.250266	-2.731649
-0.353751	-0.936960	0.582579
-0.582406	0.545684	1.015528
-0.344575	-0.897341	0.579800
-0.466085	0.042043	0.831407
-0.562910	0.869622	1.059480
-0.336219	-0.866793	0.573979
0.405620	-0.476967	-3.220011
-0.531048	1.173451	1.152020
-0.555626	1.838111	1.563331
-0.243578	-0.572064	-0.138504
0.023067	-0.534723	-1.306739
-0.319295	-0.375414	0.565345
0.551156	-0.142127	-3.471587
0.474814	-0.367630	-3.348045
0.174201	-0.509492	-1.827928
-0.496609	1.459105	1.249588
-0.637820	0.769362	1.486250
0.168987	-0.399929	-1.845289
0.487856	-0.341146	-3.365105
-0.141411	-0.577544	-0.686307
-0.569084	0.553613	1.010139
0.184483	-0.501812	-1.863613
-0.213804	-0.582599	-0.299364
0.265603	-0.203076	-2.803669
-0.544790	1.866835	1.550031
0.392987	0.016369	-3.038872
-0.549048	1.822625	1.583128
-0.092277	-0.551252	-0.888195
-0.069733	-0.451649	-1.026729
-0.161433	-0.585736	-0.570177
-0.204500	-0.584559	-0.334773
0.466921	-0.402244	-3.314478
-0.490158	1.848426	1.320402
-0.258264	-0.485828	0.170823
-0.598538	1.213615	1.696148
-0.189515	-0.587381	-0.401463
-0.083459	-0.545474	-0.907708
-0.628322	0.835493	1.555636
-0.293902	-0.318926	0.299633
0.447768	-0.442396	-3.260905
-0.042373	-0.440791	-1.095769
-0.603459	0.625841	1.289176
-0.309408	-0.261342	0.400698
-0.296626	-0.295274	0.337506
0.576723	0.060288	-3.430182
0.393954	0.021181	-3.006206
-0.040911	-0.527206	-1.045561
0.208601	-0.364436	-2.037169
0.551220	-0.210886	-3.429778
0.503203	-0.344947	-3.349766
-0.605102	0.679966	1.367972
-0.326398	-0.890648	0.626898
0.256569	-0.452983	-2.477812
-0.213748	-1.066558	0.217887
-0.232509	-0.655606	0.340577
0.259190	-0.204465	-2.711597
0.311665	-0.124341	-2.839782
-0.604009	1.082976	1.717493
-0.514244	0.337360	0.919541
-0.465548	1.536398	1.283100
-0.598220	1.103871	1.719371
0.279660	-0.464042	-2.657347
0.236656	-0.304911	-2.523603
-0.558227	0.463266	1.126000
-0.264162	-0.658544	0.538654
0.503199	-0.368024	-3.322878
-0.039291	-0.431567	-1.056155
-0.266053	-0.460990	0.541238
-0.505792	1.001741	1.099776
-0.181698	-0.464750	-0.415922
-0.254902	-1.158823	0.365290
-0.526020	1.688140	1.654287
0.291988	-0.463006	-2.681025
0.104671	-0.496738	-1.440369
0.215451	-0.465190	-1.851865
-0.205315	-0.997477	0.263239
0.226507	-0.338630	-2.043534
-0.458446	0.201779	0.837507
-0.491321	0.319650	0.901668
-0.270905	-0.266261	0.334229
-0.251309	-0.559687	0.541507
-0.040234	-0.516620	-0.977201
-0.452389	0.149536	0.893397
-0.261123	-0.420514	0.555885
-0.211842	-0.786408	0.351111
-0.459526	1.359756	1.236745
-0.185043	-0.523704	-0.150412
-0.212104	-0.612212	0.366215
0.247633	-0.322596	-2.282224
-0.440420	1.739106	1.307518
-0.509265	1.793061	1.629427
-0.189919	-0.431719	-0.238534
-0.296903	-0.166185	0.493360
-0.257841	-1.145307	0.431043
0.256720	-0.429653	-2.060901
-0.512658	1.578997	1.684644
0.239759	-0.318911	-2.056228
-0.150607	-0.448850	-0.482361
-0.220370	-0.345706	0.089063
0.265717	-0.422606	-2.116849
-0.482573	1.957010	1.492387
0.050142	-0.389850	-1.259155
0.443201	-0.425492	-3.113283
0.286303	-0.170156	-2.651751
0.266022	-0.238022	-2.538346
0.229006	-0.442713	-1.807973
-0.267413	-0.302584	0.609041
0.573982	-0.250797	-3.372589
-0.234691	-0.272123	0.256893
-0.489340	0.565187	0.974643
0.390090	-0.447174	-2.948022
-0.114064	-0.431719	-0.639277
-0.284048	-0.827871	0.687601
-0.533355	1.227237	1.715990
-0.421206	1.647684	1.323230
0.251635	-0.298136	-2.045302
-0.149328	-0.425963	-0.386673
0.211274	-0.319165	-1.744727
-0.307059	-0.985156	0.696108
0.234481	-0.310579	-1.865839
0.555344	-0.318485	-3.317307
-0.430546	0.187184	0.913684
-0.476976	0.621813	0.977679
-0.188329	-0.590092	0.399912
-0.485555	1.668751	1.680834
-0.489322	0.389668	1.070947
-0.289386	-0.873432	0.714705
-0.197047	-0.319583	0.087730
-0.302768	-0.128857	0.696635
0.248671	-0.419366	-1.826752
0.459770	-0.406443	-3.090443
0.113940	-0.460178	-1.357308
-0.418326	1.445491	1.293112
-0.521922	0.624008	1.265590
0.207769	-0.309301	-1.689673
-0.157156	-0.393608	-0.208467
-0.260280	-0.147206	0.466092
-0.059123	-0.403363	-0.834192
-0.185083	-0.322172	0.056675
-0.049510	-0.501360	-0.793880
-0.519804	0.651916	1.295433
-0.262455	-0.131809	0.485571
-0.445953	0.968973	1.081438
0.044572	-0.473142	-1.136816
-0.544152	0.976582	1.691303
-0.411188	1.421438	1.288830
-0.404983	1.538760	1.335200
-0.444250	0.911439	1.054374
-0.519269	0.692843	1.346683
0.211561	-0.296174	-1.668601
0.292979	-0.227500	-2.449283
0.316686	-0.131338	-2.606111
0.124766	-0.310528	-1.388450
0.283241	-0.267259	-2.177894
0.570853	0.197085	-3.171525
-0.473182	1.425505	1.696675
-0.174439	-0.410331	0.339464
-0.268020	-0.830550	0.742382
-0.400961	1.444181	1.308022
-0.498194	1.232880	1.721787
0.257083	-0.267663	-1.873140
0.383429	-0.420115	-2.785135
-0.026407	-0.385046	-0.908592
0.403552	0.046733	-2.782727
-0.257952	-0.799740	0.739860
-0.425071	1.029718	1.111624
-0.204845	-1.120789	0.462557
0.299062	-0.247058	-2.346480
-0.307218	0.018537	0.653784
-0.525481	0.981060	1.692419
0.659557	0.100018	-3.385695
-0.192901	-0.222726	0.254840
-0.368658	0.125280	0.854487
0.415063	-0.414101	-2.871531
0.157529	-0.292438	-1.449587
0.371621	-0.029413	-2.702022
-0.237200	-0.120800	0.463115
0.205612	-0.282424	-1.596092
-0.162288	-0.282411	0.078908
0.119041	-0.304597	-1.336904
-0.502201	1.140320	1.733344
-0.271893	-0.042361	0.577412
-0.425307	0.301961	0.993287
-0.000763	-0.374089	-0.970093
-0.147927	-0.891841	0.370109
0.230049	-0.266104	-1.681070
-0.184227	-0.219466	0.241830
-0.261487	-0.839265	0.768611
0.202544	-0.401919	-1.527486
-0.157201	-0.453622	0.397181
-0.227208	-0.124239	0.445234
-0.261670	-0.052063	0.558851
-0.380694	1.603509	1.367532
-0.148233	-0.293367	0.026810
0.452449	-0.396518	-2.951707
-0.383411	1.483780	1.344691
0.251977	-0.249320	-1.766819
0.204563	-0.273648	-1.568901
-0.266310	-0.885708	0.777492
-0.506904	0.916548	1.610187
0.311131	-0.232035	-2.310007
-0.482932	0.669734	1.306335
-0.500067	0.829241	1.503436
-0.199153	-0.351770	0.612433
-0.383864	1.382467	1.293123
0.018615	-0.364490	-1.011432
-0.479766	0.660517	1.294643
-0.243467	-1.090818	0.635122
-0.066591	-0.377148	-0.629758
-0.439777	1.522961	1.703741
-0.186919	-0.183682	0.307921
-0.124147	-0.375510	0.052970
0.652893	-0.108015	-3.368354
-0.222204	-0.723323	0.726603
0.114223	-0.430863	-1.254160
0.330748	-0.122886	-2.519569
0.372699	-0.378721	-2.616765
0.315657	-0.343070	-2.015473
-0.216715	-1.111046	0.567318
0.402108	0.040205	-2.710059
-0.411600	0.669322	0.957989
-0.368061	1.699800	1.359033
0.538107	-0.341661	-3.135096
-0.411785	0.622042	0.947224
0.000572	-0.360540	-0.931964
-0.065116	-0.474397	-0.460279
-0.063237	-0.475904	-0.474368
-0.146012	-0.515892	0.450404
0.149321	-0.268498	-1.382125
-0.007984	-0.463325	-0.826177
0.385852	-0.383260	-2.657750
-0.115596	-0.373241	0.039408
-0.144946	-0.429341	0.406632
0.141784	-0.411048	-1.316272
-0.400691	0.831931	1.006992
0.161693	-0.399397	-1.368532
-0.179890	-0.411750	0.609778
-0.142719	-0.529112	0.460742
-0.196964	-1.108734	0.538131
-0.139697	-0.689324	0.458896
-0.376675	1.268554	1.238355
-0.054547	-0.470427	-0.488231
-0.377862	1.226824	1.215141
-0.417038	0.384900	1.043996
-0.382345	1.151036	1.176928
0.398604	0.026664	-2.672536
-0.098299	-0.391408	-0.029566
-0.391044	0.867206	1.019757
-0.103822	-0.371007	0.019503
-0.207851	-0.702427	0.737090
0.007960	-0.453436	-0.863373
-0.037503	-0.473376	-0.591805
0.414513	0.072129	-2.693037
0.548042	0.191967	-3.005942
0.058224	-0.446218	-1.045228
-0.098133	-0.376181	-0.001374
0.245191	-0.224760	-1.654525
-0.374916	1.960645	1.371935
-0.250784	0.002325	0.588145
-0.104750	-0.349524	0.060271
-0.156681	-0.180237	0.249819
0.512512	0.175826	-2.907496
-0.421699	0.461544	1.098622
0.551621	-0.323502	-3.113893
-0.042749	-0.347928	-0.654315
0.260915	-0.207769	-1.709673
-0.470343	0.844979	1.512104
-0.355714	1.534414	1.400276
-0.127152	-0.292609	0.253390
0.017536	-0.445149	-0.870249
-0.376537	0.901475	1.032584
-0.078574	-0.393525	-0.083246
0.357099	-0.314605	-2.237276
-0.203901	-0.203365	0.668327
0.251484	-0.357519	-1.576933
0.343732	-0.307259	-2.066751
0.203190	-0.364548	-1.435018
0.532887	0.189150	-2.935134
-0.346967	1.637726	1.402950
-0.342616	1.758686	1.356204
0.614609	0.213872	-3.134261
-0.388990	0.363631	1.020620
0.487036	-0.367589	-2.915360
-0.123832	-0.515586	0.486341
0.510674	-0.348510	-2.976746
-0.083771	-0.346425	0.021893
-0.059279	-0.409489	-0.179318
-0.353128	1.244676	1.235197
-0.458101	0.882085	1.548825
-0.267005	0.088736	0.657744
-0.098921	-0.247468	0.000574
-0.016601	-0.452239	-0.599096
0.349915	-0.156552	-2.333476
0.444249	-0.368742	-2.745383
0.547850	-0.317806	-3.051373
-0.442611	1.144175	1.730534
-0.363952	0.638909	0.924991
-0.116173	-0.589348	0.503193
0.022834	-0.318443	-0.898397
-0.229135	-0.838470	0.849230
0.420425	-0.344960	-2.615714
-0.195233	-0.703533	0.803931
-0.089495	-0.970862	0.375834
0.319673	-0.146467	-1.960007
-0.332639	1.624284	1.429141
-0.106708	-1.065544	0.422685
0.145469	-0.378606	-1.230639
0.366225	-0.084921	-2.409928
0.226764	-0.196708	-1.501406
-0.384642	0.462456	1.089089
-0.004613	-0.437648	-0.581734
-0.172039	-0.230721	0.671842
-0.378222	1.835370	1.662855
0.605073	0.217269	-3.051101
0.100637	-0.409498	-1.082063
-0.030284	-0.397445	-0.260729
-0.299134	0.249408	0.764488
0.451932	-0.347429	-2.689578
-0.096279	-0.794015	0.467878
-0.366513	1.937750	1.571403
0.309850	-0.117551	-1.848967
-0.236181	0.092018	0.630532
0.675361	-0.140555	-3.274528
0.380133	-0.044941	-2.427644
0.007323	-0.425020	-0.620825
-0.404171	0.662414	1.281646
-0.182139	-0.690066	0.830383
-0.044580	-0.273699	-0.236712
-0.036792	-0.282241	-0.335759
-0.333471	0.635774	0.905388
0.380462	-0.263127	-2.100036
0.179920	-0.194548	-1.334525
0.678198	0.212069	-3.209537
-0.211354	-0.817814	0.885510
-0.356282	1.546033	1.680211
0.348043	-0.128176	-2.016738
-0.401224	0.705847	1.329167
0.327189	-0.260018	-1.737619
-0.029679	-0.339286	-0.091448
-0.112514	-0.106873	0.269684
-0.407693	0.775026	1.418713
-0.142145	-0.288381	0.673124
-0.312655	1.341394	1.334173
-0.346249	1.523521	1.660633
0.080083	-0.257838	-1.016406
0.537545	-0.323252	-2.907793
-0.313702	1.102183	1.152171
0.345192	-0.108954	-1.956809
-0.315566	1.534398	1.512258
-0.302767	1.690697	1.441286
-0.086506	-0.561562	0.540698
-0.128336	-0.507218	0.726380
-0.083939	-0.674905	0.530209
-0.357369	0.514431	1.123904
0.039353	-0.262319	-0.831247
0.626376	-0.232030	-3.110610
-0.294152	1.782071	1.383682
0.297158	-0.089130	-1.694763
-0.301302	0.910414	1.001559
-0.083645	-0.295011	0.440835
-0.399923	0.886006	1.540841
0.390553	-0.096773	-2.253295
-0.328052	1.564401	1.653861
0.384674	-0.113438	-2.161331
-0.391514	1.103930	1.706877
0.368859	-0.103011	-2.030971
-0.296453	1.177479	1.207159
0.016851	-0.373197	-0.421251
0.535209	-0.318929	-2.838960
-0.298416	1.620103	1.518833
0.727844	0.026880	-3.290548
0.047856	-0.238521	-0.825388
-0.007758	-0.236245	-0.300749
0.062641	-0.380990	-0.799412
0.732720	0.063160	-3.291269
0.016801	-0.355007	-0.330012
-0.303799	1.583547	1.581408
-0.388319	0.969494	1.619735
0.013186	-0.228062	-0.565506
-0.281943	0.882908	0.968742
0.419831	0.032835	-2.404140
0.117408	-0.178410	-1.079973
0.304369	-0.238925	-1.560562
0.045336	-0.222579	-0.786204
0.001690	-0.227887	-0.355676
-0.145372	-0.149136	0.714009
-0.138731	-0.172490	0.708197
-0.311432	1.396995	1.589019
-0.277294	0.969909	1.028852
-0.057191	-0.105473	0.148404
-0.067017	-0.216901	0.387946
-0.273741	0.908891	0.978912
0.088074	-0.195895	-0.960692
0.092412	-0.189383	-0.976094
-0.080638	-1.045600	0.547524
-0.045387	-0.885794	0.469375
-0.375027	0.899219	1.550880
0.121400	-0.353180	-1.005695
-0.063770	-0.078679	0.205720
-0.140493	0.048696	0.484595
-0.271852	1.132305	1.168618
0.602359	0.230109	-2.891568
-0.140351	-0.638802	0.886647
0.142337	-0.329032	-1.069005
-0.345209	0.685755	1.296383
0.398553	-0.074607	-2.078870
-0.364233	0.839393	1.488714
0.611842	-0.240331	-2.972914
-0.039414	-0.873759	0.482828
0.432227	0.054216	-2.367829
0.110227	-0.143911	-1.012269
-0.015737	-0.196171	0.128503
-0.101458	-0.290054	0.711127
-0.301885	1.842684	1.641518
0.352131	-0.030336	-1.816601
-0.177214	0.156584	0.604892
-0.048915	-0.156748	0.328801
-0.288989	1.666776	1.656714
-0.272230	1.379839	1.466304
0.337852	-0.017582	-1.752809
-0.248207	0.855394	0.925420
-0.135611	0.080466	0.502556
-0.033268	-0.980547	0.481866
0.289674	-0.055283	-1.537344
-0.051714	-0.333201	0.535799
-0.283230	1.938658	1.508890
-0.352066	0.894307	1.543095
-0.331778	0.717337	1.330402
-0.285555	1.921049	1.550903
-0.105828	-0.210881	0.722904
-0.112822	-0.580438	0.864844
-0.176749	0.186629	0.622076
-0.141643	-0.676044	0.952358
-0.332745	1.145837	1.683183
-0.164887	0.164308	0.595225
0.436278	0.033701	-2.294690
0.475520	0.197509	-2.452949
0.442236	0.068049	-2.331324
-0.240569	1.059797	1.082672
0.041761	-0.139119	-0.561123
-0.158593	-0.769093	0.979639
0.466854	0.166428	-2.420048
-0.340924	0.837478	1.485109
-0.178301	0.209437	0.637049
0.588797	0.236459	-2.782616
0.719731	-0.083744	-3.175514
-0.152862	0.152416	0.573721
0.644325	0.240628	-2.940045
-0.127047	-0.636993	0.936300
0.683765	-0.146882	-3.088781
0.064632	-0.117740	-0.736289
0.040635	-0.140977	-0.491307
-0.040196	-0.159729	0.391379
-0.245110	1.795577	1.433995
0.086930	-0.110702	-0.852374
0.056516	-0.110348	-0.674574
-0.247639	1.307966	1.360109
-0.037175	-0.670815	0.587971
0.473873	0.187522	-2.422107
0.091373	-0.104926	-0.868012
0.242937	-0.083123	-1.345719
0.070763	-0.317650	-0.493039
0.013066	-0.179210	0.090585
0.013066	-0.179210	0.090585
-0.142660	0.143378	0.555702
-0.262315	1.930338	1.469164
0.044714	-0.124736	-0.522888
-0.228059	0.724228	0.849352
-0.227406	0.749191	0.858325
-0.206199	0.335850	0.722476
-0.246346	1.731028	1.505778
-0.228392	0.598840	0.808437
-0.157662	-0.851688	0.960899
-0.256592	1.709144	1.587399
-0.210572	0.370149	0.737257
-0.219918	0.445752	0.764538
-0.027197	-0.771986	0.552964
-0.024903	-0.125530	0.299059
0.746896	0.169783	-3.199915
0.485958	0.215440	-2.443433
-0.266036	1.913042	1.533296
0.555171	-0.273620	-2.677758
-0.249699	1.909356	1.427088
-0.237614	1.240845	1.278864
0.356117	-0.147753	-1.624639
-0.151358	0.010310	0.797232
0.434325	-0.020819	-2.131539
0.143128	-0.293050	-0.973936
0.088866	-0.299406	-0.674882
-0.246255	1.718274	1.549613
-0.079903	-0.276424	0.739838
-0.017804	-0.967328	0.513389
-0.017804	-0.967328	0.513389
-0.215580	0.947856	0.957000
-0.216683	0.817738	0.879937
0.082884	-0.301289	-0.583031
0.540474	-0.254581	-2.590784
-0.258189	1.913323	1.516606
0.123552	-0.294990	-0.881044
0.468142	0.155114	-2.362109
0.001001	-0.134460	0.199994
-0.030970	-0.414725	0.595544
0.756466	0.141768	-3.207689
-0.210617	0.864848	0.899305
0.466534	-0.154651	-2.119332
0.130238	-0.290349	-0.900606
-0.245758	1.913637	1.455276
0.602486	-0.245668	-2.809666
-0.251138	1.766993	1.606453
0.677656	-0.154969	-3.020925
0.069963	-0.261746	-0.198613
0.136765	-0.285178	-0.919518
0.380672	0.010383	-1.807541
-0.074283	-0.461496	0.824940
0.141720	-0.280528	-0.935692
0.483407	0.203732	-2.386383
0.752670	0.007488	-3.194250
-0.236478	1.737786	1.548964
-0.025148	-0.448863	0.612420
-0.201622	0.982774	0.973624
-0.243400	0.399682	1.018943
-0.201358	0.831994	0.874530
0.171684	-0.239613	-1.044371
0.056713	-0.120090	-0.360513
0.079052	-0.262910	-0.238564
0.092396	-0.277160	-0.558277
0.566667	-0.251676	-2.638097
-0.273092	0.596310	1.190457
-0.137756	-0.762436	1.018304
0.068529	-0.220673	-0.111489
-0.070433	-0.469713	0.844566
-0.194828	0.511874	0.753286
-0.163345	0.295297	0.662215
-0.191747	0.876961	0.890551
-0.192734	0.801862	0.852805
-0.098777	-0.597447	0.962509
-0.102849	0.145541	0.506942
-0.094101	-0.106644	0.765605
-0.084229	-0.145208	0.758648
0.385569	0.030055	-1.782233
-0.095828	0.138092	0.491460
0.259417	-0.031640	-1.328139
0.616311	-0.226440	-2.785668
0.353754	-0.118301	-1.548502
-0.243280	0.486634	1.083282
-0.224935	1.859139	1.495743
-0.132889	0.231431	0.597913
0.050414	-0.148410	0.061600
-0.221323	1.795412	1.527131
-0.226064	1.803122	1.559478
0.470552	0.122204	-2.251157
-0.182710	0.774525	0.831814
0.574761	-0.234481	-2.602810
-0.178107	0.977302	0.946085
-0.107531	-0.643392	1.020949
0.488454	0.201787	-2.323406
0.310984	0.026455	-1.486941
-0.052254	-0.348513	0.794124
0.167739	-0.206329	-0.978982
0.135237	-0.004133	-0.917421
0.759821	0.004085	-3.153989
0.074193	0.015387	-0.542284
0.143992	-0.220732	-0.861378
-0.058061	-0.456855	0.867491
-0.089873	-0.989482	0.829743
0.196303	-0.168763	-1.068886
-0.085968	0.164152	0.492242
0.662758	0.256357	-2.861039
-0.113638	-0.900588	0.942159
0.491220	0.202637	-2.294618
0.536790	-0.162946	-2.332680
0.171015	-0.179068	-0.967681
0.432795	0.036685	-1.904066
-0.230347	0.533712	1.120348
0.077398	-0.015509	-0.409634
0.725444	0.231348	-3.027357
0.725754	-0.081841	-3.037915
0.082378	0.048240	-0.539084
-0.245462	1.217959	1.634646
-0.202390	1.305986	1.454539
-0.144736	0.407997	0.671701
-0.156091	1.057809	1.002767
0.007742	-0.959019	0.598240
0.456434	-0.072546	-1.850099
0.763032	0.188459	-3.111833
-0.205190	0.444492	1.048604
0.251721	-0.138325	-1.189756
-0.050969	0.147770	0.424441
0.617611	-0.210557	-2.654371
0.368739	-0.080188	-1.519793
0.180729	0.014587	-1.006750
-0.158753	0.233761	0.931460
0.008374	-0.143785	0.497263
-0.081280	-0.943449	0.888791
-0.103402	0.044683	0.844436
0.706727	-0.102474	-2.937265
0.761941	-0.011927	-3.089138
0.014119	-0.654067	0.655668
-0.204819	0.515844	1.102019
0.634596	0.269399	-2.698943
-0.093183	0.277441	0.560994
0.726710	-0.080020	-2.983910
0.022514	-0.741468	0.626194
0.130852	-0.188623	-0.360206
0.476407	-0.061970	-1.873203
-0.141604	1.134178	1.081015
0.286696	0.047223	-1.317272
-0.204474	0.554925	1.135581
-0.224787	0.682625	1.275078
-0.210602	0.600378	1.182033
0.051686	-0.049877	0.242313
0.099281	-0.028446	-0.214026
0.555509	-0.118028	-2.244980
0.100317	0.020322	-0.354650
0.453874	0.094355	-1.896042
-0.062194	0.236003	0.491660
-0.116494	0.481653	0.647967
-0.208882	0.628597	1.214101
-0.200530	0.587125	1.165851
-0.100840	0.383595	0.602760
0.146540	-0.080094	-0.686899
0.345378	-0.081408	-1.391756
0.745018	0.233882	-2.996436
0.104476	0.110251	-0.469045
-0.020912	-0.333176	0.861938
-0.040933	0.217066	0.443421
0.749010	-0.043838	-2.993415
0.033394	-0.047103	0.410670
0.144174	-0.123298	-0.460017
0.264564	0.057842	-1.201918
0.241317	0.058912	-1.127242
-0.106133	0.627505	0.674140
0.726605	0.253186	-2.919772
0.380062	-0.047602	-1.473938
-0.121109	1.179333	1.133683
-0.131393	1.214362	1.220128
-0.101718	0.708720	0.705797
0.033579	-0.116940	0.520918
0.466485	-0.028358	-1.743591
-0.038557	-0.519263	1.033762
-0.068767	-0.858615	0.997799
0.491179	0.185356	-2.028519
0.132247	0.134810	-0.584281
-0.134180	1.256424	1.304673
0.395815	0.148092	-1.620869
0.150483	-0.063694	-0.471017
-0.018715	-0.177862	0.837818
0.268443	0.077259	-1.177757
0.779415	0.019402	-3.031976
0.044224	0.132271	0.206251
0.042658	-0.650201	0.692771
0.793923	0.081791	-3.069760
0.515830	0.269600	-2.133551
0.174858	-0.032033	-0.729779
-0.221156	0.914604	1.569549
0.304738	0.112567	-1.287480
0.301465	0.110181	-1.274319
-0.206412	0.786659	1.431247
0.455521	0.161557	-1.808833
-0.050619	-0.593489	1.132554
0.662629	-0.148310	-2.589149
0.044548	-0.341967	0.682809
-0.094644	1.176469	1.096417
0.156973	0.138574	-0.664845
0.052735	-0.014580	0.419880
-0.086610	1.149198	1.043342
-0.075102	0.757672	0.693130
-0.123597	0.345301	0.994125
0.575021	0.307098	-2.311945
0.153516	0.152979	-0.615151
0.164070	0.142764	-0.681020
0.190508	-0.006427	-0.772408
0.582310	0.308264	-2.327353
0.160878	0.010977	-0.491146
0.004910	-0.942937	0.811606
0.051277	-0.402392	0.710813
0.263576	0.103687	-1.110227
0.629748	0.295662	-2.490186
0.053084	-0.607566	0.719551
0.174876	0.146117	-0.715615
0.053955	-0.367063	0.702643
0.003267	-0.268251	0.897946
0.026237	-0.937412	0.765399
0.315454	-0.039129	-1.208388
0.246786	0.108566	-1.033247
0.181048	-0.100936	-0.293218
0.059606	-0.662005	0.709390
-0.026301	-0.028723	0.869551
-0.179266	0.760682	1.389734
0.524579	0.299205	-2.076965
0.691688	-0.111789	-2.622967
0.173156	-0.073418	-0.157996
0.260526	0.116953	-1.069083
0.065531	0.004047	0.431415
0.145306	0.078786	-0.243538
0.023603	0.252616	0.327464
0.418525	0.203625	-1.617566
0.061908	-0.086387	0.544455
0.135960	0.081704	-0.118231
0.083336	0.166180	0.119577
0.313950	0.164680	-1.251399
0.159764	-0.027456	-0.041169
0.124953	0.106325	-0.044240
0.636449	-0.096551	-2.293458
0.068781	-0.876381	0.690217
0.497652	0.275074	-1.926938
0.516630	0.294691	-2.005936
0.805861	0.146555	-3.019668
-0.039863	0.939674	0.750977
0.636033	0.306850	-2.443370
0.550912	0.334120	-2.135294
-0.038292	0.910874	0.726972
0.091513	0.171267	0.104163
0.535447	-0.007474	-1.830104
0.157988	0.209130	-0.479429
0.532081	0.322024	-2.057881
0.561214	0.335326	-2.163109
0.143143	0.184876	-0.316759
0.535394	0.327460	-2.068920
0.264665	0.134966	-1.043084
0.428869	0.226669	-1.628874
0.029875	0.279935	0.327836
0.085265	0.189470	0.132289
0.000563	-0.462237	1.071124
0.141836	0.103704	-0.110703
0.485038	0.259703	-1.842885
-0.000733	0.382180	0.411093
-0.000733	0.382180	0.411093
0.006740	-0.429187	1.040635
0.434676	0.232578	-1.644946
-0.018028	-0.861957	0.986057
0.010596	-0.160944	0.892086
-0.000135	-0.471270	1.084805
0.598578	-0.032239	-2.067594
0.333775	-0.013822	-1.207343
0.195507	-0.070744	-0.220212
0.283419	-0.009044	-1.051914
0.339441	-0.014059	-1.221935
0.759647	-0.015129	-2.823015
0.192858	-0.032496	-0.336952
0.740917	-0.046938	-2.749141
0.194892	-0.042685	-0.325708
0.329013	0.202542	-1.274392
-0.016113	0.489478	0.465102
-0.066414	1.231765	1.190363
0.125733	0.043615	0.171227
0.153484	0.012856	0.044606
-0.029028	0.744321	0.590018
0.014004	-0.394286	1.016740
0.617614	0.321762	-2.337309
0.195963	-0.062731	-0.202203
0.084577	0.048305	0.387388
-0.094324	1.272058	1.395819
-0.029178	-0.625428	1.202203
0.344235	0.219149	-1.322748
0.157535	0.015618	0.029406
0.811493	0.129483	-3.000689
0.079959	0.019558	0.452636
0.274983	0.004043	-1.005847
0.357410	-0.009235	-1.257970
-0.021942	1.002229	0.770108
0.795286	0.039311	-2.932588
0.095408	0.062787	0.336212
-0.167977	0.824661	1.498445
0.022764	-0.340149	0.982329
-0.126371	0.662849	1.238021
0.207252	0.062144	-0.639299
0.675543	-0.106746	-2.388060
0.308723	0.187027	-1.170002
0.015890	-0.138443	0.901086
0.312905	0.197077	-1.185079
0.599519	-0.018146	-2.019354
0.681388	-0.106022	-2.404487
0.083792	-0.000570	0.489369
-0.017633	1.090205	0.862475
0.030488	0.351908	0.344146
-0.009292	0.593075	0.479027
-0.101938	0.546232	1.120178
0.516119	0.015355	-1.700578
0.148199	0.055750	0.106217
0.691630	-0.102818	-2.436257
0.296145	0.009851	-1.044441
0.813757	0.099280	-2.967355
0.558276	0.005231	-1.829657
0.353237	0.004262	-1.215577
-0.086168	0.448817	1.060351
0.734292	-0.056064	-2.639297
0.488637	0.307613	-1.798258
-0.161602	0.904801	1.576779
0.722608	-0.067853	-2.576368
0.089765	-0.002969	0.506986
0.004683	-0.509064	1.172812
-0.003373	0.802297	0.576558
0.808081	0.064118	-2.925296
0.619287	-0.015768	-2.048094
0.200189	0.102872	-0.440374
0.513403	0.021978	-1.662756
0.365222	0.009389	-1.232135
-0.103618	1.225391	1.554558
0.673747	0.316562	-2.460822
-0.002668	-0.821626	1.044440
0.692367	-0.087307	-2.367651
0.420133	0.289032	-1.522142
0.091338	-0.360630	0.751000
0.431026	0.296557	-1.557075
0.003534	-0.829001	1.031044
0.525674	0.024216	-1.679745
-0.019381	1.224804	1.094521
0.025053	-0.087093	0.922513
0.236108	0.099977	-0.690542
-0.008806	1.188050	1.020950
0.133312	0.117422	0.218971
0.261312	0.070912	-0.830079
0.744581	-0.041746	-2.602878
0.299690	0.222493	-1.044493
0.108973	0.088212	0.399659
0.412326	0.309099	-1.474422
0.095805	-0.561681	0.783695
0.387908	0.306672	-1.388365
0.006435	1.159211	0.933937
0.537934	0.027546	-1.691832
0.750764	0.298729	-2.723108
0.214459	0.024034	-0.135454
0.056357	0.419220	0.300849
-0.011556	0.130791	0.964365
0.748823	0.302226	-2.707245
0.027770	0.648650	0.412686
0.383794	0.315708	-1.360805
0.692087	0.322329	-2.466696
0.583069	0.381740	-2.055139
0.025484	1.086540	0.764413
0.790620	0.267744	-2.842492
-0.039001	0.308551	1.011664
0.314854	0.275204	-1.075411
0.692067	-0.047823	-2.253715
-0.035087	1.279906	1.320222
0.427431	0.030785	-1.345318
0.534846	0.401254	-1.879610
0.058930	0.469604	0.306942
0.699466	-0.049013	-2.271592
0.750035	0.308176	-2.679285
0.106674	-0.438618	0.792859
0.167596	0.306517	-0.197309
-0.128428	0.919376	1.593976
0.036997	1.083958	0.737352
0.078631	0.420031	0.249964
0.037653	0.938951	0.606548
0.360093	0.045855	-1.130437
0.552362	0.035362	-1.680115
0.643242	0.010638	-1.993031
0.120513	0.092599	0.452541
0.821398	0.079234	-2.849837
0.237471	0.149527	-0.481892
0.462559	0.037537	-1.410375
0.246671	0.145310	-0.551263
0.300100	0.337673	-0.952606
0.070956	0.544335	0.257525
0.119105	-0.050964	0.609458
0.332910	0.060768	-1.012010
-0.087549	1.135983	1.608010
0.120573	-0.109265	0.654670
0.116993	-0.410971	0.801033
0.365164	0.372574	-1.218905
0.060298	-0.184391	0.995678
0.051863	-0.416191	1.164629
0.347780	0.377771	-1.140344
0.064035	-0.275623	1.044962
0.778115	0.299693	-2.719798
0.283868	0.404891	-0.827374
-0.088839	1.094186	1.615328
-0.020237	0.357539	1.042800
0.466921	0.429718	-1.577370
0.158843	0.190985	0.210390
0.126300	-0.164192	0.700668
0.058411	-0.100241	0.976799
0.094754	0.540528	0.186584
0.353371	0.068083	-1.041758
-0.034585	0.568196	1.133834
0.113132	0.465969	0.137645
0.227109	0.123437	-0.086971
0.066956	0.874345	0.473647
0.213768	0.378178	-0.360882
0.127698	0.427253	0.100133
0.318965	0.422646	-0.958853
0.238481	0.196351	-0.326115
0.517119	0.451893	-1.713169
0.069987	1.126034	0.717181
0.071579	0.875580	0.463495
0.303202	0.462328	-0.863402
0.169999	0.391949	-0.096211
0.356019	0.427307	-1.115342
-0.081126	1.058384	1.617816
0.112422	0.524590	0.149626
0.086620	0.732709	0.274369
0.323043	0.444623	-0.948601
0.103052	0.598430	0.184976
0.514634	0.464481	-1.683896
0.312166	0.121257	-0.805074
0.308944	0.481650	-0.858449
0.345583	0.089934	-0.957467
0.143544	0.225984	0.355921
0.091039	-0.831575	0.934767
0.068590	1.265433	0.923467
0.029402	1.285800	1.208609
0.474413	0.053908	-1.352935
0.754928	0.335954	-2.531800
0.117516	-0.816938	0.864435
0.045964	-0.727961	1.163929
0.225412	0.453397	-0.365531
0.143508	-0.122402	0.696093
0.272410	0.489213	-0.612574
0.216419	0.475053	-0.320365
0.201412	0.483596	-0.246143
0.237093	0.172108	-0.084310
0.663260	0.398575	-2.115919
0.193843	0.512699	-0.214756
0.149375	0.158906	0.462215
0.329996	0.499918	-0.904383
0.358052	0.477656	-1.044791
0.158737	0.575348	-0.059564
0.084635	1.290322	0.869473
0.182239	0.587969	-0.179157
0.143229	0.638110	0.007154
0.294632	0.536388	-0.698519
0.743525	0.008552	-2.204862
0.166946	0.650094	-0.114655
0.142509	0.684184	0.010428
0.561363	0.470842	-1.765116
0.151322	0.235781	0.395084
0.143585	-0.492880	0.851239
0.288741	0.200705	-0.518303
0.131451	0.741670	0.093596
0.117191	0.786741	0.209981
0.051915	0.107704	1.023963
0.311873	0.557217	-0.747102
0.152796	-0.228249	0.771586
0.048395	1.294504	1.214706
0.179171	0.709935	-0.141104
0.647935	0.051879	-1.794141
0.541345	0.057898	-1.477721
0.105583	0.996528	0.540948
0.116295	0.844392	0.296383
0.156041	-0.246145	0.784049
0.101285	1.336122	0.854973
0.159900	0.169989	0.488204
0.165081	0.753877	-0.048876
0.235471	0.675549	-0.351785
0.501055	0.514936	-1.532272
0.497476	0.064990	-1.343833
0.370325	0.529460	-1.003537
0.637178	0.055707	-1.733084
0.114325	0.936653	0.447916
0.837241	0.089846	-2.640586
0.179765	0.275429	0.280832
0.113980	1.017007	0.550659
0.100404	1.356142	0.929881
0.112263	1.311938	0.794158
0.102323	1.362825	0.917290
0.166596	0.052787	0.599017
0.125475	0.875811	0.313881
0.162539	-0.269462	0.804432
0.516186	0.522292	-1.553077
0.294831	0.634532	-0.567259
0.168508	-0.002919	0.645916
0.280173	0.648556	-0.495179
0.375789	0.550364	-0.980613
0.120693	1.115682	0.636697
0.323810	0.605156	-0.696596
0.746463	0.041262	-2.089206
-0.040396	1.023029	1.618416
0.297374	0.247604	-0.413271
0.106013	1.366313	0.959158
0.057337	1.298695	1.291207
0.171432	0.128346	0.554450
0.170252	0.181454	0.511481
0.414243	0.099313	-1.048878
0.407947	0.546836	-1.109153
0.127892	-0.795206	0.957034
0.097469	1.314468	1.045601
0.631616	0.063654	-1.669149
0.154767	0.837493	0.136469
0.157535	0.834540	0.120688
0.080843	-0.616840	1.293453
0.146200	0.878311	0.238525
0.277892	0.686775	-0.436579
0.849891	0.106625	-2.618753
0.775678	0.046747	-2.174283
0.828086	0.072940	-2.466216
0.269500	0.706393	-0.391989
0.096693	-0.479413	1.348912
0.443323	0.550690	-1.225354
0.294085	0.672369	-0.488389
0.667280	0.445962	-1.958066
0.165470	0.839717	0.112274
0.111624	-0.173395	1.109702
0.869824	0.192635	-2.756985
0.455489	0.554699	-1.261687
0.611131	0.488167	-1.770262
0.095036	-0.734262	1.146853
0.373286	0.601397	-0.854218
-0.020590	0.771015	1.481220
0.136966	1.367965	0.783622
0.684482	0.439239	-1.992082
0.235163	0.759816	-0.217426
0.808988	0.062095	-2.298756
0.374807	0.163674	-0.797693
0.493805	0.556318	-1.382963
0.142563	1.159924	0.643481
0.843105	0.095849	-2.506171
0.113189	-0.369171	1.277547
-0.035164	0.879238	1.602472
0.183640	0.146417	0.569130
0.179532	0.837665	0.072177
0.830611	0.079807	-2.416336
0.850018	0.109067	-2.549065
0.227507	0.775859	-0.172989
0.833614	0.082437	-2.430620
0.163470	0.883126	0.211213
0.592432	0.511221	-1.687459
0.592432	0.511221	-1.687459
0.750374	0.388203	-2.225321
0.403857	0.132230	-0.919447
0.412247	0.581775	-1.012909
0.147913	1.200182	0.665202
0.073115	0.240182	1.075264
0.323922	0.265883	-0.427498
0.433896	0.571206	-1.112320
0.189714	0.098304	0.607475
-0.001518	1.086245	1.597546
0.577320	0.072051	-1.454350
0.729902	0.410188	-2.123078
0.861038	0.122706	-2.585082
0.150944	1.080503	0.565413
0.574199	0.530307	-1.610909
0.250661	0.761054	-0.233192
0.152558	1.225121	0.675631
-0.008877	1.030209	1.612487
0.167564	-0.740348	0.915615
0.496022	0.568989	-1.342709
0.426454	0.585688	-1.045623
0.154382	1.253656	0.690303
0.110996	-0.734346	1.139728
0.415279	0.132963	-0.930615
0.149265	1.422524	0.795427
0.160313	0.975380	0.415116
0.165668	-0.749241	0.930875
0.159656	1.007474	0.463596
0.504876	0.570501	-1.357930
0.107092	-0.580339	1.332437
0.322687	0.694419	-0.499400
0.253724	0.327543	0.048066
0.819575	0.354765	-2.513098
0.157129	1.362311	0.747302
0.861400	0.125218	-2.526814
0.185157	-0.462218	0.907888
0.722279	0.430644	-2.042530
0.295973	0.325919	-0.192654
0.544285	0.084087	-1.326436
0.349380	0.261425	-0.483584
0.877450	0.248734	-2.709367
0.792412	0.077946	-2.096423
0.301859	0.327504	-0.209540
0.067463	0.631724	1.160818
0.185263	0.901297	0.215150
0.520748	0.086094	-1.249576
0.184153	-0.624503	0.918737
0.000755	1.003147	1.616019
0.592973	0.078330	-1.443583
0.124807	-0.733298	1.132643
0.198332	0.309792	0.480536
0.440428	0.600053	-1.027347
0.181894	-0.693912	0.925531
0.535209	0.087705	-1.279414
0.297400	0.339211	-0.155589
0.123210	-0.532327	1.368154
0.263004	0.347897	0.057045
0.136152	-0.744870	1.097826
0.393238	0.209973	-0.699741
0.393637	0.649958	-0.746761
0.023667	1.071982	1.593176
0.403343	0.194447	-0.748988
0.006043	0.792352	1.538646
0.584682	0.547753	-1.541778
0.533121	0.578111	-1.367939
0.389188	0.660018	-0.699063
0.181806	1.101994	0.542934
0.375106	0.678034	-0.621644
0.769482	0.091440	-1.931228
0.003397	0.841064	1.591319
0.216580	0.092651	0.651653
0.835533	0.364027	-2.469108
0.310802	0.751712	-0.332438
0.126803	-0.654543	1.264379
0.146621	-0.335782	1.328762
0.844695	0.357555	-2.506196
0.030050	1.044657	1.598461
0.132550	0.029737	1.119605
0.081664	1.211024	1.463601
0.274457	0.801532	-0.162537
0.194299	1.029785	0.443418
0.218550	0.171110	0.623894
0.537096	0.588051	-1.323083
0.117186	0.200191	1.111010
0.451532	0.151008	-0.906669
0.209263	0.939622	0.269871
0.109112	1.266198	1.377330
0.195484	1.222584	0.624179
0.016867	0.860140	1.603057
0.548279	0.587931	-1.338714
0.236719	0.380991	0.374037
0.219665	0.234920	0.611783
0.192004	1.449974	0.759930
0.897480	0.262051	-2.636335
0.407978	0.675002	-0.669481
0.465875	0.148231	-0.926970
0.156977	-0.439336	1.421728
0.119052	0.284542	1.121396
0.224611	-0.246854	0.874623
0.149652	-0.563552	1.358582
0.050406	0.750981	1.467907
0.807515	0.118598	-1.974008
0.463169	0.162849	-0.880870
0.650671	0.092627	-1.478622
0.219228	-0.428919	0.950706
0.165892	-0.179955	1.232175
0.242275	0.392225	0.419199
0.144659	0.097023	1.141887
0.694247	0.497007	-1.736799
0.054403	1.021324	1.597230
0.237915	-0.134001	0.819502
0.160166	-0.546204	1.376210
0.055275	0.759551	1.496670
0.522055	0.607341	-1.136335
0.155716	1.271756	1.245913
0.361653	0.744370	-0.378451
0.162387	-0.679807	1.212905
0.669444	0.522596	-1.630981
0.428247	0.682724	-0.652552
0.301299	0.820318	-0.115708
0.135766	0.389031	1.115882
0.823197	0.137858	-1.965141
0.466521	0.196452	-0.793947
0.422845	0.286628	-0.509577
0.597254	0.107320	-1.278731
0.144130	0.432207	1.091045
0.129246	0.683110	1.209216
0.263787	0.419167	0.394332
0.250185	-0.141984	0.838742
0.607442	0.569870	-1.391027
0.155682	1.254131	1.327234
0.244385	-0.266515	0.915098
0.231170	1.367352	0.672734
0.919328	0.220215	-2.473511
0.156890	0.533899	1.073562
0.297806	0.432611	0.203698
0.173940	-0.615968	1.312411
0.302090	0.431899	0.187955
0.179899	-0.552198	1.376022
0.261935	0.074667	0.727132
0.308329	0.432138	0.169383
0.218215	1.460317	0.913684
0.261863	-0.027131	0.789746
0.520097	0.632589	-0.977865
0.194867	-0.245903	1.357876
0.268027	0.941252	0.229847
0.318367	0.434229	0.143280
0.926496	0.234427	-2.452592
0.432101	0.715630	-0.532705
0.687972	0.114372	-1.462634
0.257985	0.384514	0.594147
0.926411	0.274494	-2.498754
0.431240	0.328347	-0.399736
0.196356	1.249470	1.192361
0.204893	1.259013	1.145947
0.190710	1.240587	1.235525
0.087880	0.771589	1.529943
0.394821	0.389211	-0.198355
0.847933	0.173044	-1.931184
0.676053	0.118592	-1.402908
0.195510	-0.044582	1.238504
0.260951	-0.284499	0.950672
0.184103	0.108247	1.192968
0.444804	0.327223	-0.411749
0.269290	1.053702	0.395050
0.243710	1.519311	0.791831
0.901704	0.209945	-2.146401
0.921082	0.227035	-2.267091
0.184661	0.623752	1.105448
0.209713	-0.473953	1.447635
0.212056	-0.233282	1.389226
0.266951	1.257687	0.563351
0.390755	0.764733	-0.267585
0.250997	1.517880	0.780134
0.247025	1.494409	0.851315
0.112226	0.751981	1.497100
0.270430	1.291980	0.583581
0.935555	0.305138	-2.426465
0.194796	0.119710	1.204925
0.285977	-0.026791	0.817372
0.211859	-0.092562	1.287981
0.199933	0.436035	1.066848
0.282777	0.431173	0.597663
0.912582	0.230010	-2.134946
0.274392	1.312665	0.593611
0.282199	0.426466	0.613977
0.255551	-0.570728	1.048262
0.213034	-0.065104	1.279775
0.281568	0.421512	0.630400
0.275072	-0.291300	0.973613
0.203341	0.623340	1.095385
0.588915	0.141378	-1.062268
0.292420	0.000186	0.809701
0.216451	-0.075166	1.290243
0.317130	0.913122	0.150549
0.220445	-0.122549	1.320661
0.126546	1.000666	1.570060
0.516848	0.244561	-0.687573
0.881839	0.395333	-2.081708
0.319838	0.480804	0.374533
0.282503	1.322597	0.591745
0.280679	-0.273086	0.969887
0.289933	0.217033	0.738778
0.181393	0.692619	1.253710
0.277825	-0.337702	1.000016
0.260030	-0.589302	1.062461
0.755474	0.155743	-1.529460
0.894408	0.229026	-1.987350
0.762545	0.469525	-1.636665
0.629650	0.138584	-1.164761
0.220899	-0.039970	1.285222
0.295843	0.452052	0.605971
0.209965	0.125648	1.221535
0.332699	0.489502	0.333819
0.208135	0.170615	1.210843
0.297213	-0.131283	0.887369
0.204497	0.306766	1.168213
0.288323	0.417083	0.690104
0.784464	0.176738	-1.595298
0.234746	-0.190666	1.404902
0.154738	0.723233	1.420629
0.840144	0.198196	-1.758417
0.642927	0.141998	-1.182969
0.404443	0.444648	-0.031537
0.273180	1.480808	0.845877
0.316105	0.484003	0.500552
0.231794	1.185689	1.242038
0.862101	0.215499	-1.822900
0.243207	-0.273000	1.489474
0.326037	0.490760	0.438358
0.879262	0.231425	-1.883314
0.217485	1.183668	1.324508
0.351267	0.494826	0.272839
0.144580	0.748002	1.492853
0.708524	0.502822	-1.425274
0.577706	0.178128	-0.909887
0.938990	0.342879	-2.242430
0.305754	-0.114692	0.886923
0.823709	0.430770	-1.763004
0.237315	-0.540355	1.396048
0.936246	0.354614	-2.223298
0.297918	0.279343	0.765797
0.789628	0.446021	-1.652171
0.505196	0.702771	-0.561041
0.693478	0.151621	-1.301106
0.264308	1.216981	1.104897
0.754845	0.464569	-1.542976
0.701196	0.154532	-1.318761
0.925361	0.359707	-2.128961
0.302557	0.453374	0.688171
0.486394	0.363612	-0.335645
0.302806	1.383454	0.619153
0.710714	0.159409	-1.336177
0.336507	0.953600	0.228676
0.326526	1.008248	0.314337
0.326526	1.008248	0.314337
0.369136	0.497860	0.232823
0.919340	0.279941	-2.006378
0.709665	0.501776	-1.388133
0.655593	0.153355	-1.163870
0.284515	-0.499566	1.075165
0.301464	0.308014	0.783050
0.876015	0.396024	-1.886684
0.335522	0.503240	0.483887
0.302386	0.437381	0.738227
0.754010	0.458783	-1.503569
0.260238	-0.652516	1.165709
0.443736	0.437271	-0.102305
0.582916	0.202322	-0.838614
0.378513	0.501128	0.221669
0.232912	0.147048	1.242742
0.310370	-0.215332	0.964006
0.364662	0.513409	0.312882
0.501915	0.361912	-0.347711
0.310702	0.468040	0.712307
0.228504	0.688108	1.205809
0.452746	0.433316	-0.122055
0.317564	-0.152789	0.925231
0.892851	0.371523	-1.899479
0.843500	0.222812	-1.677425
0.264497	0.523955	0.999138
0.299233	1.365359	0.908714
0.635217	0.583731	-1.063448
0.899555	0.313364	-1.884339
0.583443	0.218390	-0.793451
0.881092	0.297255	-1.808386
0.324411	1.286233	0.522714
0.815642	0.218937	-1.582747
0.751587	0.454077	-1.450106
0.325617	-0.111240	0.907421
0.271065	0.445445	0.996652
0.859899	0.258455	-1.711814
0.276108	0.457477	0.980808
0.852881	0.338955	-1.710939
0.858950	0.303151	-1.715278
0.319899	0.486366	0.738651
0.857579	0.295716	-1.701179
0.461211	0.445916	-0.090034
0.313819	-0.318244	1.039483
0.802402	0.225780	-1.516260
0.284077	-0.624027	1.150036
0.294152	0.474095	0.922914
0.338718	0.091217	0.826419
0.360207	0.986610	0.274789
0.337626	-0.042021	0.884070
0.327242	0.258967	0.824196
0.318145	1.443153	0.839107
0.859507	0.286969	-1.668770
0.335679	0.209076	0.818053
0.317637	1.255629	0.974957
0.174660	0.843658	1.577006
0.662237	0.183207	-1.049242
0.208867	1.023992	1.502654
0.835388	0.337197	-1.597580
0.825788	0.254734	-1.545997
0.397075	0.900580	0.111703
0.552321	0.342412	-0.416634
0.289549	-0.623046	1.188749
0.296013	0.391584	1.001084
0.848327	0.304296	-1.606328
0.279509	-0.571790	1.347236
0.341077	-0.168095	0.963980
0.319018	1.182125	1.058667
0.255851	0.687581	1.255126
0.661914	0.194000	-0.995909
0.619047	0.642765	-0.799461
0.822374	0.348474	-1.521348
0.527775	0.399912	-0.246792
0.342025	0.531540	0.775674
0.274806	0.686768	1.189979
0.327155	0.538197	0.879547
0.394520	0.550115	0.417231
0.283184	-0.032268	1.407052
0.649425	0.210697	-0.898736
0.448002	0.512095	0.125409
0.221479	0.727535	1.456519
0.515316	0.740562	-0.299054
0.567670	0.694701	-0.505749
0.696283	0.542397	-1.084311
0.681169	0.568974	-1.016728
0.422033	0.900617	0.108914
0.318526	1.106960	1.161343
0.610272	0.299165	-0.588098
0.314797	1.096145	1.191974
0.361952	1.444869	0.640994
0.291067	0.043194	1.367938
0.483583	0.494484	0.034980
0.305053	-0.585390	1.296596
0.410629	0.564698	0.441042
0.778856	0.274267	-1.297483
0.313683	0.677997	1.114672
0.390486	1.129742	0.404968
0.559509	0.402823	-0.247318
0.295434	0.124270	1.323713
0.340027	0.335762	0.984541
0.312548	-0.545899	1.381908
0.458102	0.540449	0.219013
0.762066	0.275986	-1.210881
0.342553	1.094629	1.135107
0.601169	0.683303	-0.521161
0.738665	0.270340	-1.120932
0.353920	1.115144	1.087190
0.269772	0.704632	1.383936
0.370904	-0.193510	1.020484
0.649192	0.289797	-0.652330
0.640710	0.307672	-0.590405
0.653222	0.285437	-0.666772
0.343178	1.071955	1.169718
0.493445	0.826401	-0.060582
0.690645	0.253167	-0.872590
0.553156	0.447811	-0.132003
0.244958	0.809955	1.533891
0.312376	0.245099	1.263203
0.380486	1.187628	0.964587
0.356146	-0.451705	1.166422
0.732668	0.522119	-1.029421
0.427070	1.045503	0.326782
0.397113	1.417601	0.613491
0.387042	1.189778	0.955345
0.397265	0.053258	0.922654
0.703225	0.274072	-0.849785
0.539984	0.488576	-0.012307
0.265066	0.773730	1.508303
0.352376	1.039563	1.210505
0.677343	0.643647	-0.716486
0.377244	0.287484	0.985614
0.359713	-0.509726	1.205188
0.389265	0.627135	0.913748
0.393873	0.623477	0.893099
0.458284	0.593842	0.445508
0.401135	0.176026	0.928764
0.407052	0.094263	0.928853
0.348742	-0.543555	1.354786
0.718448	0.302342	-0.841204
0.312488	0.696218	1.360821
0.405621	1.163924	0.959307
0.641713	0.374489	-0.358669
0.641713	0.374489	-0.358669
0.302960	0.962199	1.453585
0.410849	0.110118	0.934203
0.284287	0.776018	1.501018
0.364263	-0.114915	1.639633
0.391384	0.271483	0.999713
0.547596	0.809950	-0.108492
0.346121	0.051314	1.463263
0.376349	1.021795	1.188597
0.709018	0.315032	-0.713726
0.369696	0.682194	1.141561
0.346731	0.091026	1.425359
0.529521	0.546138	0.155340
0.417595	1.166443	0.944181
0.362147	-0.534468	1.365839
0.693069	0.339538	-0.578049
0.482916	0.599718	0.415582
0.403742	0.654376	0.976653
0.761913	0.429520	-0.955508
0.510041	0.576831	0.283180
0.732873	0.345208	-0.792965
0.359389	0.025374	1.522249
0.359389	0.025374	1.522249
0.368628	-0.534741	1.351751
0.355551	0.233959	1.297949
0.406324	-0.244849	1.107895
0.428966	1.203426	0.897351
0.614951	0.451694	-0.140690
0.614951	0.451694	-0.140690
0.751994	0.512407	-0.870535
0.525372	0.570157	0.243927
0.719978	0.608269	-0.711966
0.754717	0.426256	-0.869883
0.626765	0.729260	-0.314476
0.750189	0.407442	-0.840053
0.728165	0.349014	-0.704615
0.442289	1.390248	0.584517
0.738511	0.367843	-0.767682
0.511668	0.591737	0.333746
0.741607	0.377982	-0.781011
0.383622	-0.522224	1.273658
0.685544	0.372249	-0.412917
0.690932	0.631807	-0.542247
0.738789	0.596578	-0.761709
0.570354	0.531091	0.084649
0.570354	0.531091	0.084649
0.317907	0.834312	1.491028
0.739042	0.591592	-0.747999
0.439376	1.443782	0.742611
0.643438	0.720509	-0.336219
0.441789	1.474058	0.696476
0.738150	0.586116	-0.732784
0.441432	1.452872	0.733157
0.737416	0.580208	-0.716314
0.466111	1.247761	0.454279
0.674910	0.666088	-0.432426
0.393546	-0.461195	1.486847
0.491753	1.052158	0.314725
0.381267	0.042387	1.561778
0.724854	0.378711	-0.559244
0.465248	1.323629	0.508433
0.760017	0.494611	-0.776060
0.732314	0.389959	-0.586790
0.384241	0.678495	1.260731
0.413670	0.678917	1.124530
0.579700	0.548731	0.128278
0.426258	0.989763	1.144209
0.444102	-0.114366	1.046040
0.728286	0.570767	-0.583502
0.460800	1.280537	0.813147
0.431892	-0.247413	1.142494
0.410034	-0.429725	1.518489
0.468912	1.396205	0.588286
0.415245	-0.453134	1.258241
0.484674	0.640431	0.732366
0.382279	0.682914	1.327121
0.391894	0.180084	1.391172
0.432121	0.259405	1.089480
0.742856	0.445433	-0.548100
0.719764	0.411432	-0.385393
0.548675	0.612342	0.361014
0.436128	0.258769	1.103276
0.476978	1.303765	0.788219
0.402242	0.176361	1.409712
0.686697	0.700981	-0.320154
0.509804	1.156485	0.390805
0.405956	0.196410	1.385440
0.467878	-0.000633	1.030763
0.565167	0.611867	0.337589
0.438909	-0.350178	1.586880
0.738114	0.564651	-0.458142
0.488590	1.286965	0.787953
0.407363	0.681335	1.324228
0.425671	0.044734	1.697519
0.429329	0.035904	1.712084
0.417097	0.167812	1.443862
0.582646	0.929802	0.109893
0.524893	0.655440	0.667724
0.477904	-0.060261	1.059676
0.477443	0.107503	1.046831
0.734505	0.611621	-0.374666
0.738311	0.477161	-0.312179
0.749100	0.516405	-0.382485
0.479788	0.669104	1.047089
0.502004	0.664545	0.917931
0.549765	0.664417	0.585412
0.589711	0.957375	0.152632
0.435220	0.676238	1.308638
0.474326	-0.239856	1.191069
0.460677	-0.411103	1.537546
0.670271	0.831015	-0.113409
0.475816	-0.247612	1.660615
0.491293	0.150033	1.085521
0.728316	0.513658	-0.159942
0.527319	1.198480	0.808652
0.558528	0.672198	0.653179
0.473721	-0.012549	1.771050
0.732506	0.651248	-0.228504
0.454338	0.201937	1.436424
0.455117	0.177155	1.487878
0.490027	-0.228046	1.676558
0.497792	0.670901	1.119195
0.519037	0.660599	1.005758
0.546095	0.662305	0.839341
0.473966	-0.466322	1.416195
0.540272	1.397830	0.695981
0.671525	0.595325	0.152913
0.541615	1.016358	0.951696
0.548687	1.175883	0.806638
0.466349	0.844716	1.343931
0.482394	0.872449	1.292597
0.526921	0.921076	1.098827
0.740228	0.631429	-0.133395
0.641735	0.646676	0.325020
0.491813	-0.418814	1.338007
0.567703	1.303915	0.473502
0.595555	0.689206	0.597655
0.571412	1.284456	0.450627
0.518068	0.165912	1.133793
0.482348	0.154109	1.767697
0.509800	0.224419	1.190359
0.482213	0.172109	1.675975
0.483952	0.174618	1.657304
0.478211	0.773087	1.362652
0.728962	0.653768	-0.027708
0.505465	0.666152	1.246980
0.700502	0.623703	0.133204
0.491168	0.190861	1.524890
0.487823	0.750527	1.353986
0.493285	0.179721	1.770657
0.536972	-0.081389	1.142264
0.536972	-0.081389	1.142264
0.590416	1.280285	0.441163
0.546159	0.891545	1.123921
0.541690	0.882589	1.149076
0.538934	0.109303	1.134971
0.587869	1.319634	0.493977
0.578262	1.342476	0.699145
0.580951	1.235204	0.747044
0.517785	0.846004	1.268234
0.618963	0.702491	0.612314
0.531590	-0.207484	1.233142
0.573675	0.943981	0.999064
0.733599	0.722968	0.001395
0.732075	0.713433	0.016935
0.720986	0.673084	0.094834
0.530450	0.023818	1.826321
0.549846	-0.038211	1.140567
0.688625	0.925329	0.102021
0.519486	0.683690	1.292106
0.656477	0.699221	0.437620
0.552094	0.091172	1.145172
0.543030	-0.190202	1.232161
0.692204	0.932233	0.119341
0.544491	0.842175	1.227521
0.550848	-0.222234	1.696605
0.671522	0.705439	0.399997
0.526381	0.247802	1.403383
0.717503	0.714616	0.171861
0.522642	0.209112	1.625860
0.698405	0.704219	0.286844
0.619822	0.676284	0.793279
0.699706	0.939551	0.138653
0.687963	0.712662	0.354253
0.733236	0.851608	0.053582
0.300169	0.963786	2.374576
0.680531	0.722411	0.419905
0.527783	0.223224	1.863128
0.614664	1.291537	0.698589
0.616973	1.034173	0.866969
0.549736	0.756923	1.289972
0.567022	0.182664	1.214310
0.313364	1.010934	2.380267
0.723736	0.767923	0.211704
0.589111	0.847762	1.138858
0.577497	-0.080408	1.190815
0.570898	0.033498	1.849129
0.548485	0.225963	1.562459
0.575367	-0.154988	1.241470
0.629506	1.363079	0.627014
0.543573	0.238302	1.901176
0.667227	1.134305	0.362533
0.588380	-0.190947	1.723646
0.638653	1.229303	0.712010
0.566752	-0.409985	1.477588
0.352387	1.156291	2.419358
0.548359	0.264375	1.907347
0.746836	0.858195	0.157941
0.559936	0.218939	1.925739
0.324546	0.788996	2.413959
0.622694	0.655622	1.056121
0.570266	0.240723	1.556210
0.633932	0.867947	1.036350
0.553785	0.289869	1.910384
0.603972	0.104453	1.204662
0.640676	0.872119	1.021562
0.314335	0.858749	2.531266
0.656915	1.339368	0.624483
0.389445	1.257378	2.441490
0.397132	1.262875	2.411253
0.610199	0.693879	1.224929
0.617655	-0.162726	1.746176
0.589126	0.192535	1.941275
0.725413	1.009875	0.304387
0.669962	1.284456	0.662830
0.650975	0.652335	1.026630
0.597745	0.259523	1.474757
0.661992	0.864519	1.007014
0.593292	0.269893	1.665850
0.669697	0.884777	0.971376
0.571546	0.318407	1.969021
0.385832	0.732571	2.303309
0.608455	-0.333696	1.399567
0.337017	0.939583	2.580639
0.578490	0.306425	1.984223
0.689636	1.078724	0.772354
0.710423	0.721416	0.721165
0.626896	-0.321247	1.623907
0.577285	0.335749	1.988464
0.582012	0.355904	1.894882
0.630246	-0.150389	1.297655
0.693001	0.936246	0.892288
0.698779	1.027487	0.802638
0.750623	0.974012	0.350477
0.364820	0.744736	2.508102
0.379925	1.128540	2.577718
0.644585	-0.249561	1.687961
0.400922	1.212137	2.566096
0.753826	0.940802	0.392088
0.372819	1.069512	2.590938
0.756353	0.916644	0.415013
0.743370	1.065398	0.398791
0.712068	1.051950	0.775487
0.417524	1.053149	2.302488
0.411541	0.857994	2.261317
0.607643	0.353972	1.834261
0.430519	1.132877	2.315887
0.457264	1.291122	2.367194
0.635049	0.276721	1.571674
0.602692	0.376511	1.880665
0.650395	-0.148368	1.315752
0.639172	0.276819	1.553389
0.633643	0.295835	1.668177
0.686985	0.756975	1.110577
0.445822	1.309393	2.522033
0.404421	0.691529	2.462289
0.767928	0.909981	0.445599
0.741346	0.722736	0.739884
0.601128	0.400809	1.918739
0.376764	0.805283	2.571672
0.472600	1.313652	2.378186
0.771369	0.929138	0.446353
0.581332	0.440268	2.015091
0.461383	0.675597	2.230500
0.418276	1.191665	2.600801
0.589856	0.435020	1.982508
0.466014	0.648074	2.248945
0.682184	-0.095729	1.798223
0.597929	0.382887	2.061870
0.628079	0.366850	1.824276
0.719206	0.650489	0.973598
0.700654	0.715161	1.108906
0.700654	0.715161	1.108906
0.777739	0.849055	0.507439
0.641862	0.338482	1.758051
0.739222	1.266137	0.597027
0.774813	1.003248	0.445327
0.742246	1.107951	0.717998
0.780040	0.954479	0.454996
0.682536	0.090886	1.917213
0.423387	0.689757	2.481013
0.767962	1.112463	0.453737
0.728943	0.653268	0.986484
0.473490	1.330085	2.530963
0.398724	0.797438	2.576598
0.509257	0.591765	2.221779
0.727062	0.766679	1.052004
0.605963	0.459287	1.972597
0.690416	-0.019281	1.280769
0.739181	0.654907	0.974636
0.742144	0.655551	0.961304
0.730704	0.680766	1.052956
0.691476	-0.079297	1.307997
0.695151	0.200316	1.336835
0.763949	1.078388	0.723170
0.764417	1.182024	0.654148
0.687508	0.289903	1.529782
0.680954	0.316699	1.652854
0.798452	0.819183	0.592014
0.633923	0.445287	1.919762
0.690857	-0.248233	1.407068
0.445726	0.698454	2.501884
0.805168	0.979936	0.480887
0.477087	0.863660	2.239366
0.709506	-0.032842	1.302607
0.791724	0.742059	0.747509
0.707288	0.268991	1.436956
0.552687	0.546415	2.239984
0.436841	1.057350	2.642800
0.680009	0.290202	2.061809
0.783925	0.685134	0.874857
0.551861	0.641428	2.127375
0.520100	0.603175	2.347352
0.569852	0.614316	2.100688
0.728606	0.051760	1.301333
0.742355	-0.098924	1.799899
0.583242	0.518098	2.231713
0.718865	-0.216904	1.409364
0.719487	0.314971	1.592953
0.749106	-0.017478	1.857756
0.617757	0.553377	2.023434
0.604415	0.582601	2.052677
0.717387	0.353030	1.695804
0.813026	1.077294	0.686100
0.749436	0.113142	1.946610
0.649501	0.520461	1.971191
0.800914	0.698773	0.950888
0.740115	-0.157757	1.392215
0.551756	1.369726	2.512603
0.755125	0.054852	1.323085
0.527688	0.897717	2.231091
0.613670	0.617245	2.062324
0.579801	0.693889	2.124504
0.615650	0.511641	2.255786
0.832736	0.917730	0.792373
0.633410	0.598071	2.035674
0.735137	0.397972	1.761074
0.768384	0.255564	1.436528
0.763946	0.199215	2.012187
0.759417	-0.211630	1.429402
0.771709	0.277709	1.471748
0.772805	-0.041706	1.358112
0.775744	-0.019019	1.352181
0.758102	0.376036	1.702158
0.855131	0.936877	0.748154
0.852599	0.766590	0.827578
0.872554	0.970652	0.601394
0.874644	0.950235	0.613009
0.861726	0.889730	0.779864
0.876636	0.890181	0.672088
0.880040	0.941006	0.636526
0.804719	-0.161653	1.742302
0.615450	0.728889	2.116210
0.782257	0.370503	1.670524
0.790523	0.346252	1.610151
0.790075	-0.186332	1.432886
0.526883	0.814410	2.567386
0.809844	0.208964	1.410473
0.613886	1.383050	2.485834
0.592944	1.348030	2.594400
0.564569	1.232528	2.649912
0.557156	0.728422	2.498662
0.557156	0.728422	2.498662
0.644363	0.710244	2.088863
0.626943	1.348104	2.391748
0.807338	-0.262012	1.596128
0.823669	0.234776	1.434894
0.811673	0.358714	1.622646
0.811673	0.358714	1.622646
0.570609	1.203497	2.653541
0.819479	0.350693	1.601188
0.835129	0.158517	1.990500
0.811756	0.400811	1.705592
0.610838	1.004392	2.252053
0.688546	0.678034	2.046673
0.830527	-0.245177	1.598955
0.623420	1.343889	2.605039
0.629384	1.356244	2.587173
0.829725	-0.254285	1.529505
0.657260	1.349462	2.397529
0.588964	0.771840	2.516457
0.630833	1.330963	2.616837
0.860491	0.216949	1.438658
0.843096	-0.234142	1.507122
0.853579	-0.124510	1.437013
0.878741	-0.084362	1.792942
0.616958	0.745912	2.487839
0.752001	0.482659	2.246866
0.671395	0.630672	2.376617
0.797492	0.553554	1.899982
0.759137	0.634064	1.983086
0.831401	0.495385	1.822619
0.641029	0.724440	2.460741
0.902809	0.020427	1.878520
0.889379	0.200120	2.019712
0.894201	0.080741	1.415926
0.909782	-0.045899	1.816386
0.845998	0.508204	1.828867
0.815977	0.429371	2.189584
0.627530	0.997875	2.615768
0.653958	0.768837	2.490193
0.922884	-0.016957	1.836332
0.896050	-0.173780	1.488187
0.927570	-0.033540	1.817126
0.923118	-0.094270	1.751439
0.785490	0.680255	2.004507
0.913420	0.229844	2.033716
0.718759	0.895917	2.174920
0.680886	1.223878	2.625986
0.691090	0.736568	2.452393
0.735932	1.381437	2.469573
0.667533	1.073091	2.620783
0.908981	0.310262	2.085133
0.929778	-0.069282	1.451831
0.712977	0.721801	2.433291
0.746278	0.897766	2.171391
0.702041	1.221559	2.617701
0.699060	1.200240	2.619853
0.743191	0.925187	2.189086
0.962664	0.012797	1.836768
0.962664	0.012797	1.836768
0.804180	0.733710	2.036464
0.938596	-0.167874	1.566436
0.690569	0.866012	2.534226
0.690569	0.866012	2.534226
0.907162	0.371939	2.123567
0.951486	-0.141038	1.634169
0.761053	0.916111	2.181340
0.952960	-0.149771	1.604129
0.797455	0.601179	2.315342
0.956399	-0.151408	1.584164
0.959018	-0.151321	1.569589
0.968678	-0.122784	1.644736
0.716802	0.873889	2.532158
0.837978	0.741179	2.033859
0.729702	1.150150	2.607672
0.836207	0.755940	2.047064
0.722907	0.930944	2.557428
0.992661	0.252413	1.515735
0.778495	1.105218	2.298676
0.988478	-0.108771	1.639005
0.753091	1.174460	2.598665
0.797978	0.971989	2.217686
0.977096	0.489125	1.739566
0.783408	1.287002	2.567582
0.749351	1.048495	2.591371
0.952044	0.577707	1.852230
1.011815	0.055791	1.462233
0.919601	0.662451	1.945946
0.790395	0.764682	2.450832
0.910054	0.524546	2.224160
1.009712	0.298532	2.044232
0.936153	0.492438	2.195243
1.042931	0.119630	1.884146
0.824459	1.095986	2.298923
0.974178	0.433005	2.145418
0.851266	0.675678	2.364383
0.789775	1.080022	2.584759
0.879171	0.631112	2.318856
0.973805	0.627556	1.891784
0.910884	0.584979	2.270327
1.020304	0.523819	1.761524
0.849628	1.203544	2.359303
0.804340	0.966420	2.553979
0.931234	0.573826	2.256614
0.816243	0.891405	2.520964
0.870860	0.975519	2.221562
0.867626	1.313250	2.444121
0.869213	1.315449	2.460985
0.867640	1.080155	2.292800
0.911799	0.638220	2.318617
1.027206	0.580101	1.821501
1.070830	0.058831	1.484821
0.953010	0.573933	2.252235
1.052613	0.521606	1.749955
1.091240	0.143243	1.873006
0.968964	0.751619	2.011854
0.842596	0.939937	2.533754
0.886043	1.118509	2.316670
1.088922	0.266388	1.984156
1.090290	0.074010	1.490425
0.899147	1.279287	2.437141
1.098290	0.008574	1.680205
0.901923	1.280708	2.457693
1.024506	0.502156	2.183327
1.091671	0.485723	1.709910
0.891592	1.229660	2.518501
1.041110	0.663674	1.898240
1.090455	0.359264	2.056923
0.918257	1.259720	2.430518
0.912895	1.252672	2.483078
1.013746	0.565285	2.233861
1.132580	0.167011	1.865709
1.079738	0.438931	2.120500
0.924430	1.226795	2.488984
0.913428	1.145561	2.525778
1.124287	0.495356	1.716967
1.147633	0.187502	1.875251
1.107509	0.415117	2.092812
0.951204	0.771640	2.427734
1.054214	0.761663	1.992104
1.147674	0.093518	1.530330
1.159711	0.103372	1.752845
0.984793	0.729042	2.387105
1.121619	0.630827	1.840830
0.951553	1.113684	2.502186
1.023019	0.670792	2.323303
1.023019	0.670792	2.323303
1.164791	0.081120	1.581605
1.167643	0.080166	1.596868
1.172436	0.082235	1.662926
1.178758	0.255257	1.533409
1.184467	0.154230	1.796785
1.002812	1.141298	2.342381
1.001864	1.164415	2.377773
1.063109	0.872984	2.108447
1.031286	0.721436	2.365204
1.175567	0.541536	1.755302
1.099656	0.588337	2.228612
1.015025	1.152213	2.370023
1.028800	1.075687	2.294557
1.197536	0.133935	1.564550
1.204081	0.378576	1.606833
1.107842	0.831111	2.049239
1.057877	0.730782	2.361446
1.149257	0.533011	2.163390
1.032033	0.841033	2.443731
1.047986	0.790825	2.407101
1.031788	1.089816	2.435842
1.224611	0.213807	1.542239
1.216845	0.527938	1.740266
1.111337	0.671952	2.294074
1.234531	0.407634	1.618803
1.054416	1.076070	2.417020
1.205434	0.468667	2.086941
1.057842	0.977452	2.444726
1.243787	0.457600	1.663371
1.093758	1.061183	2.301652
1.072879	0.962139	2.433393
1.205075	0.733420	1.931310
1.113158	0.776613	2.364727
1.177901	0.624280	2.220610
1.215110	0.540777	2.134053
1.191795	0.617609	2.206521
1.112845	0.860881	2.397056
1.237659	0.502687	2.093868
1.112993	0.959761	2.398399
1.282704	0.401531	1.602568
1.225980	0.788525	1.982686
1.128600	0.991479	2.374148
1.248414	0.727214	1.926547
1.189142	0.713130	2.277951
1.296287	0.279208	1.589750
1.297648	0.270623	1.599453
1.248132	0.573373	2.135965
1.297881	0.508462	1.708532
1.306330	0.389821	1.598680
1.197143	0.938283	2.202114
1.310431	0.435631	1.632096
1.310497	0.252319	1.669740
1.178290	0.954057	2.334342
1.298362	0.653568	1.863443
1.196669	0.885133	2.329885
1.327976	0.275964	1.684004
1.331321	0.283291	1.673305
1.217485	0.937946	2.279386
1.267547	0.688665	2.192191
1.229028	0.905818	2.286497
1.349626	0.426880	1.642563
1.269981	0.750105	2.222580
1.346062	0.599190	1.816419
1.319225	0.779626	1.989924
1.287129	0.764274	2.209377
1.326284	0.641947	2.109691
1.368593	0.565914	1.790011
1.371448	0.586295	1.811585
1.367014	0.501564	1.987751
1.333240	0.842782	2.089130
1.375094	0.661775	1.894246
1.394176	0.411509	1.814229
1.334532	0.851242	2.151022
1.334532	0.851242	2.151022
1.359408	0.792915	2.046499
1.403892	0.425962	1.757301
1.378948	0.622634	2.044293
1.376884	0.749379	2.008243
1.406142	0.462825	1.855874
1.367474	0.785520	2.093031
1.400716	0.551582	1.964746
1.401607	0.587725	1.983303
1.413362	0.609841	1.902602
