-1.830300	-0.538458	1.037877
-1.819611	-0.572370	0.956025
-1.796541	-0.663668	1.023067
-1.766359	-0.817774	0.860934
-1.803864	-0.459678	0.970213
-1.736712	-0.865817	0.760334
-1.767825	-0.563341	1.120904
-1.730664	-0.825623	0.898986
-1.732626	-0.738092	0.988594
-1.739647	-0.620351	1.080382
-1.704663	-0.863689	0.857375
-1.712555	-0.721276	0.773648
-1.691863	-0.875980	0.840407
-1.722286	-0.575739	1.099062
-1.693796	-0.733703	0.747645
-1.677545	-0.792999	0.697680
-1.669220	-0.816872	0.674410
-1.649484	-0.946115	0.590528
-1.672184	-0.824876	0.888766
-1.636845	-1.004699	0.585833
-1.724808	-0.377263	1.120770
-1.703909	-0.531998	0.847799
-1.631212	-1.005744	0.620939
-1.621791	-1.017057	0.541135
-1.620862	-1.023442	0.555997
-1.619513	-1.024772	0.573604
-1.615248	-1.011923	0.514954
-1.721344	-0.357004	0.940956
-1.616512	-1.022756	0.592333
-1.641319	-0.855400	0.840236
-1.671110	-0.613751	1.026065
-1.632083	-0.806246	0.634676
-1.638975	-0.827332	0.864561
-1.639880	-0.804995	0.884528
-1.688270	-0.432230	1.109893
-1.681957	-0.465111	1.098165
-1.656259	-0.635192	1.000187
-1.601823	-1.007210	0.631688
-1.586847	-1.012311	0.452302
-1.683863	-0.379325	1.114121
-1.640757	-0.655836	0.974763
-1.582527	-0.936048	0.486659
-1.656984	-0.472690	1.074238
-1.586724	-0.937122	0.716963
-1.560735	-0.983044	0.420492
-1.630585	-0.551616	0.792286
-1.576809	-0.806507	0.573650
-1.535888	-1.161101	0.325503
-1.581042	-0.794440	0.831085
-1.612303	-0.568043	0.988802
-1.518512	-1.195783	0.280284
-1.513650	-1.153104	0.197265
-1.544637	-0.824181	0.526957
-1.527763	-1.008882	0.576905
-1.501546	-1.145766	0.172569
-1.569317	-0.664795	0.896353
-1.491446	-1.217041	0.072701
-1.543740	-0.785745	0.795122
-1.571320	-0.606396	0.930171
-1.488284	-1.113204	0.184333
-1.511652	-0.859941	0.463426
-1.531868	-0.771751	0.791399
-1.472982	-1.237717	0.222931
-1.472982	-1.237717	0.222931
-1.480084	-1.127031	0.385007
-1.456853	-1.365530	-0.007827
-1.559868	-0.520553	0.773296
-1.496008	-0.817666	0.492029
-1.450550	-1.269077	-0.061730
-1.518322	-0.691272	0.826337
-1.441375	-1.372563	-0.010870
-1.548564	-0.517981	0.956404
-1.464251	-0.963345	0.314035
-1.439331	-1.282074	-0.093835
-1.440420	-1.311216	0.106604
-1.434310	-1.293101	-0.113410
-1.536140	-0.522849	0.763464
-1.509147	-0.662935	0.834918
-1.429877	-1.359728	0.016537
-1.430220	-1.267114	-0.088251
-1.547344	-0.444769	0.811122
-1.478125	-0.824227	0.700788
-1.409002	-1.409002	-0.216876
-1.449170	-0.915324	0.353895
-1.460794	-0.878479	0.638520
-1.460794	-0.878479	0.638520
-1.476747	-0.757732	0.743622
-1.406277	-1.354233	-0.207169
-1.499659	-0.622091	0.852094
-1.426171	-1.141352	0.066436
-1.452180	-0.847966	0.430413
-1.503966	-0.560852	0.727598
-1.475211	-0.709401	0.773759
-1.409541	-1.234145	-0.073368
-1.429414	-0.948876	0.300242
-1.382184	-1.415041	-0.252278
-1.539188	-0.347667	0.858674
-1.506701	-0.495024	0.935179
-1.420703	-0.956199	0.284970
-1.456928	-0.727123	0.745752
-1.472511	-0.630592	0.823141
-1.393995	-1.227431	-0.082593
-1.505994	-0.445947	0.799734
-1.510519	-0.419705	0.979041
-1.466769	-0.583548	0.698805
-1.424455	-0.779234	0.492076
-1.370719	-1.369908	-0.005111
-1.395157	-0.946088	0.281416
-1.346203	-1.337780	-0.278680
-1.376161	-1.067082	0.348298
-1.495766	-0.354302	0.998756
-1.463509	-0.483776	0.910868
-1.314735	-1.455309	-0.330872
-1.438687	-0.563265	0.840889
-1.341387	-1.365874	-0.006308
-1.364422	-0.975217	0.229215
-1.393843	-0.737219	0.687545
-1.348156	-1.097518	0.290850
-1.484248	-0.281545	0.881665
-1.346240	-1.011368	0.174861
-1.324909	-1.198493	-0.098351
-1.293629	-1.303151	-0.292625
-1.260754	-1.367296	-0.414468
-1.294262	-1.281696	-0.257512
-1.237901	-1.416514	-0.462562
-1.319478	-1.069348	0.301036
-1.387096	-0.582913	0.790896
-1.318585	-1.040507	0.124485
-1.373346	-0.615828	0.760089
-1.323396	-0.909338	0.297338
-1.328852	-0.824264	0.563935
-1.274033	-1.252206	-0.226784
-1.439465	-0.253128	0.889490
-1.302693	-0.957939	0.227943
-1.246946	-1.452180	-0.226519
-1.439350	-0.215352	1.004840
-1.330935	-0.661121	0.589105
-1.281948	-1.021580	0.330938
-1.185691	-1.348426	-0.466111
-1.224951	-1.288395	-0.340335
-1.259546	-1.335272	0.004123
-1.172692	-1.363211	-0.493566
-1.217474	-1.293303	-0.356072
-1.254620	-1.204641	-0.157454
-1.209806	-1.298106	-0.371810
-1.274003	-0.972154	0.379979
-1.280546	-0.883511	0.474949
-1.155589	-1.444083	-0.500256
-1.313142	-0.650293	0.595239
-1.253252	-1.158873	-0.079573
-1.141956	-1.371196	-0.529848
-1.414709	-0.222154	0.999161
-1.253040	-1.132789	-0.038148
-1.354810	-0.447352	0.868123
-1.317198	-0.587137	0.750365
-1.287037	-0.730067	0.503373
-1.269415	-0.848651	0.357023
-1.297203	-0.647903	0.694832
-1.374460	-0.319722	0.959032
-1.190105	-1.450541	-0.273161
-1.250899	-0.932780	0.244879
-1.379713	-0.246841	0.882707
-1.250270	-0.880478	0.312009
-1.324491	-0.460494	0.842470
-1.188098	-1.240004	-0.286830
-1.198257	-1.220773	-0.233282
-1.214253	-1.272767	0.051561
-1.219556	-1.137678	0.180488
-1.247173	-0.795209	0.540944
-1.197609	-1.384398	-0.082722
-1.136782	-1.275276	-0.408401
-1.359714	-0.239284	0.883813
-1.342658	-0.305530	0.950441
-1.194681	-1.250256	0.066258
-1.179947	-1.371772	-0.066563
-1.188754	-1.209636	0.101611
-1.276796	-0.481554	0.806128
-1.292464	-0.403674	0.792893
-1.034326	-1.452203	-0.563695
-1.194126	-0.967534	0.180616
-1.311678	-0.311100	0.931252
-1.257916	-0.501194	0.784911
-1.087787	-1.250910	-0.420094
-1.121229	-1.439062	-0.253771
-1.147415	-1.366627	-0.066994
-1.231316	-0.553315	0.666709
-1.166209	-0.968390	0.336325
-1.089106	-1.224610	-0.354496
-1.233223	-0.492954	0.718231
-1.142220	-1.215429	0.086241
-1.148480	-1.068185	0.020157
-1.151510	-1.021835	0.089516
-0.961474	-1.275115	-0.601254
-1.138704	-1.057922	0.237525
-0.880685	-1.401391	-0.739299
-0.868557	-1.388339	-0.757369
-1.286243	-0.216652	0.966675
-0.930163	-1.271512	-0.631719
-0.964686	-1.246190	-0.560938
-0.832619	-1.303384	-0.803750
-1.112589	-1.249935	0.050221
-1.152478	-0.736138	0.458527
-1.089885	-1.169526	-0.199393
-1.296001	-0.107692	0.961301
-1.123712	-0.986049	0.131356
-0.945033	-1.453853	-0.557417
-1.212558	-0.378657	0.792823
-1.034888	-1.194075	-0.346551
-1.107869	-0.991198	0.295225
-1.100587	-1.094509	0.193354
-1.048540	-1.184028	-0.288663
-0.931751	-1.206850	-0.551291
-0.787879	-1.225181	-0.828580
-1.256782	-0.177426	0.974809
-1.054508	-1.169059	-0.233933
-1.081902	-1.223381	0.070034
-1.271127	-0.096908	0.956374
-0.999432	-1.451870	-0.362281
-1.106833	-0.795891	0.481225
-0.849943	-1.221960	-0.682047
-0.745912	-1.198247	-0.904028
-0.877951	-1.201522	-0.625894
-0.729175	-1.195988	-0.947820
-0.740659	-1.190204	-0.915111
-1.077779	-1.156571	0.131355
-0.968489	-1.184751	-0.441566
-0.968489	-1.184751	-0.441566
-0.732056	-1.175065	-0.930577
-0.708257	-1.203779	-0.995912
-1.245758	-0.157124	0.980609
-1.066109	-1.109988	-0.084397
-1.090413	-0.927699	0.200703
-1.103158	-0.765064	0.409691
-0.948991	-1.175630	-0.455094
-0.714423	-1.147451	-0.947189
-1.037465	-1.373060	-0.101962
-1.090337	-0.736056	0.532002
-1.139564	-0.471047	0.710579
-1.039282	-1.131496	-0.144730
-0.884446	-1.431671	-0.547700
-0.714843	-1.290835	-0.894001
-1.089766	-0.708555	0.470336
-0.764987	-1.367004	-0.761288
-0.948262	-1.444767	-0.378508
-0.950508	-1.443616	-0.368120
-1.036179	-1.094986	-0.072310
-0.754186	-1.359400	-0.765025
-1.176480	-0.254025	0.851316
-0.663484	-1.227022	-1.013977
-1.037732	-1.046716	0.226950
-0.780933	-1.136261	-0.706753
-1.053890	-0.858177	0.279666
-0.690820	-1.277717	-0.893474
-1.043449	-0.954186	0.147777
-0.565590	-1.147070	-1.408981
-0.785960	-1.374901	-0.661449
-0.932735	-1.434858	-0.342690
-0.528647	-1.064561	-1.523911
-1.065984	-0.606818	0.636697
-1.032863	-0.809842	0.444099
-0.667113	-1.055946	-0.945112
-1.006190	-1.081267	-0.064020
-1.125650	-0.320955	0.806740
-1.065099	-0.571650	0.603711
-0.562698	-1.064123	-1.328805
-0.995713	-1.088509	-0.084469
-1.030287	-0.775647	0.373491
-0.671879	-1.041651	-0.891532
-0.598740	-1.171348	-1.129904
-0.627295	-1.212805	-0.993669
-0.691792	-1.301502	-0.782489
-0.980698	-1.090358	-0.099041
-0.790284	-1.344597	-0.576892
-0.631869	-1.018407	-0.986141
-0.776276	-1.329821	-0.594378
-0.666943	-1.267202	-0.822178
-0.989346	-0.927245	0.325699
-0.844548	-1.375892	-0.444300
-0.508841	-1.011413	-1.453677
-1.003830	-0.708422	0.526868
-0.883045	-1.415867	-0.323626
-0.577483	-1.009287	-1.134668
-0.902874	-1.116108	-0.301243
-0.465464	-0.991733	-1.598670
-1.099883	-0.243850	0.839986
-1.031203	-0.509244	0.647140
-0.501912	-1.156321	-1.473395
-0.746227	-1.250181	-0.596636
-1.012980	-0.558705	0.657044
-0.638291	-1.211237	-0.828317
-0.984736	-0.694396	0.532370
-0.813378	-1.309460	-0.448651
-0.793741	-1.270068	-0.487693
-1.054633	-0.352883	0.768098
-0.778069	-1.248014	-0.513570
-0.852287	-1.398952	-0.332544
-0.636327	-0.982278	-0.860006
-0.824453	-1.067425	-0.422242
-0.931743	-1.265174	0.020721
-0.456618	-0.958716	-1.546527
-0.536961	-1.141538	-1.190851
-0.473130	-1.129685	-1.513613
-0.735641	-1.018634	-0.590188
-0.487735	-0.972270	-1.395524
-0.446096	-0.950029	-1.561818
-0.439882	-0.949126	-1.582575
-1.079182	-0.187397	0.860256
-0.508852	-0.971120	-1.283753
-0.713540	-1.002588	-0.621884
-0.931760	-0.946993	0.297963
-0.969986	-0.627380	0.516787
-0.761223	-1.184674	-0.491926
-0.910835	-1.062198	-0.099836
-1.137598	0.023380	0.996718
-1.130818	0.010159	0.971954
-1.060814	-0.206905	0.846761
-0.722583	-1.000463	-0.576267
-0.993639	-0.439442	0.739192
-0.432652	-0.929105	-1.551357
-1.128737	0.027360	0.987011
-0.428148	-0.928164	-1.565549
-1.043209	-0.244385	0.868150
-0.458871	-0.941995	-1.432800
-0.946015	-0.681903	0.450534
-0.919361	-0.848685	0.378078
-0.556609	-0.939970	-1.012622
-0.803398	-1.246737	-0.355673
-0.443001	-0.927854	-1.487377
-0.615962	-0.942617	-0.815535
-0.399316	-1.018214	-1.684085
-0.648047	-0.957926	-0.722313
-0.737671	-1.139865	-0.492679
-0.921987	-0.857015	0.231394
-0.921987	-0.857015	0.231394
-0.907466	-0.931546	0.306865
-0.903683	-1.049030	0.211243
-1.025197	-0.267870	0.850013
-0.787604	-1.172244	-0.381120
-0.802669	-1.318773	-0.319614
-0.924073	-0.782356	0.326251
-0.799806	-1.280861	-0.325311
-0.902600	-0.983356	0.041716
-0.652801	-1.104675	-0.651932
-1.015593	-0.265739	0.805276
-0.980650	-0.388255	0.767077
-0.585129	-1.091507	-0.806142
-0.691755	-1.105744	-0.553726
-0.902337	-0.888293	0.180554
-0.481618	-0.929220	-1.245573
-0.505028	-1.090873	-1.105661
-0.505028	-1.090873	-1.105661
-0.900381	-0.758022	0.449868
-0.997002	-0.283366	0.790031
-0.356224	-0.927043	-1.746568
-0.839022	-1.053601	-0.197115
-0.789272	-1.186218	-0.299505
-0.682914	-1.086887	-0.538457
-1.008785	-0.210462	0.874824
-0.863710	-1.019071	-0.050445
-1.002217	-0.216375	0.825548
-0.780901	-1.253163	-0.280651
-0.426156	-0.898747	-1.415273
-0.721118	-1.099711	-0.439504
-0.963783	-0.329791	0.751959
-0.349958	-0.971174	-1.728673
-1.081120	0.044761	1.019494
-0.481831	-1.067876	-1.104351
-1.006249	-0.165903	0.898653
-0.870761	-0.848022	0.220049
-0.473898	-0.899774	-1.153264
-0.784364	-1.007344	-0.277261
-0.843683	-1.161198	0.124322
-0.899257	-0.526299	0.585017
-0.635327	-1.040769	-0.574350
-0.401037	-0.870646	-1.433784
-0.821496	-1.021747	-0.101542
-0.692500	-1.067731	-0.436286
-0.824074	-1.221062	0.071902
-0.462038	-0.882754	-1.132857
-0.866303	-0.639009	0.464548
-0.444168	-1.065212	-1.173857
-0.762274	-1.372785	-0.167876
-0.550228	-1.004581	-0.740961
-0.774777	-1.360597	-0.113438
-0.693011	-0.940959	-0.431978
-0.856025	-0.592268	0.567891
-0.779572	-1.339492	-0.072139
-0.744517	-1.363606	-0.185183
-0.430403	-0.868388	-1.211479
-0.731396	-1.308991	-0.214989
-0.968727	-0.125112	0.908273
-0.825140	-0.802614	0.256177
-0.736577	-1.086496	-0.252928
-0.506726	-0.985717	-0.812396
-0.606013	-0.999375	-0.552671
-0.428008	-1.029528	-1.126998
-0.797442	-0.973427	0.264502
-0.405362	-1.059643	-1.245497
-0.782794	-1.221267	0.078142
-0.706085	-1.071739	-0.293283
-0.497058	-0.831037	-0.876255
-0.352571	-0.822202	-1.459634
-0.803788	-0.780117	0.273404
-0.783351	-1.044128	0.216355
-0.373457	-1.021886	-1.369683
-0.780055	-1.078998	0.192832
-0.415318	-1.009911	-1.108681
-0.893614	-0.253024	0.812925
-0.982433	0.023962	0.932313
-0.522314	-0.811761	-0.774670
-0.852701	-0.398911	0.667463
-0.698300	-1.316020	-0.181202
-0.774243	-0.859244	0.340264
-0.402118	-0.837739	-1.187117
-0.784958	-0.806385	0.228830
-0.607306	-0.863963	-0.521696
-0.308398	-0.944530	-1.597019
-0.848995	-0.368273	0.687570
-0.701220	-1.177761	-0.158603
-0.346719	-0.977232	-1.419207
-0.971176	0.040086	0.937165
-0.731723	-0.948296	-0.173204
-0.708754	-1.071368	-0.178893
-0.699275	-1.147874	-0.153400
-0.162360	-0.700479	-2.135067
-0.733170	-1.288402	0.011154
-0.318152	-0.794676	-1.498566
-0.165736	-0.728291	-2.106557
-0.532857	-0.801148	-0.696158
-0.168525	-0.737425	-2.087813
-0.496712	-0.795195	-0.791732
-0.923405	-0.062102	0.874110
-0.152037	-0.709999	-2.149095
-0.184670	-0.721371	-2.003410
-0.693096	-1.348792	-0.102565
-0.178564	-0.715876	-2.026424
-0.752927	-0.773132	0.398007
-0.682520	-0.905029	-0.282737
-0.682520	-0.905029	-0.282737
-0.551497	-0.814239	-0.620753
-0.383303	-0.819163	-1.181069
-0.744077	-1.016234	0.238114
-0.583924	-0.958982	-0.480370
-0.271750	-0.906885	-1.659919
-0.749846	-0.871688	0.111890
-0.693463	-1.061559	-0.154361
-0.670569	-1.232679	-0.147447
-0.737730	-1.120667	0.170486
-0.981037	0.133244	0.989321
-0.589285	-0.960147	-0.456892
-0.384327	-0.971962	-1.090284
-0.819839	-0.357667	0.684198
-0.674378	-1.170171	-0.128894
-0.335168	-0.952337	-1.359506
-0.757517	-0.694501	0.350417
-0.393288	-0.951898	-1.026383
-0.764897	-0.623128	0.434142
-0.672333	-1.025395	-0.220656
-0.678861	-1.096188	-0.128923
-0.179631	-0.704994	-1.962455
-0.675593	-1.102447	-0.124493
-0.916890	-0.022781	0.948723
-0.434063	-0.904810	-0.847212
-0.650809	-1.022071	-0.258334
-0.209272	-0.834552	-1.827735
-0.724678	-0.783853	0.384205
-0.252375	-0.883896	-1.660849
-0.589083	-0.832085	-0.459320
-0.151896	-0.763155	-2.032650
-0.381783	-0.932885	-1.012607
-0.375881	-0.936514	-1.032660
-0.622094	-0.996573	-0.306440
-0.645229	-1.009630	-0.234943
-0.770048	-0.429710	0.657632
-0.651766	-1.124547	-0.097658
-0.785481	-0.360941	0.668883
-0.350067	-0.946485	-1.135404
-0.170329	-0.790928	-1.915940
-0.539912	-0.909105	-0.499983
-0.819413	-0.212222	0.771168
-0.698561	-1.022093	0.240622
-0.211263	-0.845423	-1.744888
-0.186592	-0.817058	-1.832379
-0.231415	-0.728316	-1.640576
-0.735948	-0.507195	0.589411
-0.178516	-0.808017	-1.850916
-0.623010	-0.994896	-0.242388
-0.752112	-0.412181	0.663357
-0.645710	-1.031434	-0.091527
-0.659660	-1.285483	0.029660
-0.727570	-0.520933	0.517228
-0.629507	-0.843507	-0.265776
-0.203697	-0.711969	-1.705577
-0.907445	0.104925	0.950297
-0.887208	0.035212	0.972836
-0.612228	-0.829165	-0.298910
-0.302334	-0.888501	-1.274703
-0.492727	-0.757071	-0.618148
-0.722863	-0.452873	0.623791
-0.052754	-0.616972	-2.406832
-0.141224	-0.661553	-1.922380
-0.373113	-0.756072	-0.965465
-0.396879	-0.749117	-0.878897
-0.662578	-0.991180	0.264326
-0.060795	-0.556084	-2.424663
-0.614234	-1.039547	-0.054661
-0.244316	-0.733458	-1.478407
-0.677899	-0.669362	0.330151
-0.749059	-0.287451	0.703255
-0.181682	-0.694339	-1.707919
-0.488035	-0.749684	-0.587507
-0.612997	-1.309261	-0.004436
-0.760753	-0.227743	0.742954
-0.647730	-0.789952	0.369007
-0.649192	-0.848614	0.038860
-0.360446	-0.742114	-0.956420
-0.178836	-0.809044	-1.700869
-0.029782	-0.566193	-2.628335
-0.029807	-0.563228	-2.639416
-0.638532	-0.856325	-0.021561
-0.780713	-0.126541	0.802830
-0.138631	-0.656973	-1.827541
-0.796163	-0.072131	0.834476
-0.642195	-0.790847	0.137493
-0.048515	-0.539731	-2.382790
-0.036136	-0.538331	-2.526956
-0.230852	-0.718440	-1.441379
-0.593149	-0.973831	-0.040394
-0.593356	-0.966789	-0.042792
-0.587001	-1.306593	0.004737
-0.036260	-0.531465	-2.486936
-0.345445	-0.727038	-0.952124
-0.625081	-1.132835	0.195734
-0.282028	-0.840541	-1.165335
-0.600746	-0.802623	-0.167415
-0.572102	-1.026968	-0.017380
-0.569527	-1.035388	-0.016231
-0.879577	0.190456	1.017480
-0.864688	0.167261	0.966819
-0.685505	-0.366575	0.621046
-0.124893	-0.646505	-1.807810
-0.648166	-0.508097	0.556921
-0.090665	-0.739234	-1.939619
-0.559288	-0.921639	-0.196689
-0.611061	-0.728804	0.401731
-0.615701	-0.776696	0.129795
-0.109947	-0.635755	-1.848248
-0.198384	-0.803523	-1.497206
-0.602041	-1.196479	0.156732
-0.226858	-0.807006	-1.367182
-0.550437	-1.067406	-0.008523
-0.412930	-0.804453	-0.621526
-0.605663	-1.048042	0.255286
-0.596072	-0.791798	-0.095848
-0.543058	-1.104937	-0.016884
-0.273333	-0.709555	-1.163957
-0.599929	-1.002690	0.278381
-0.210748	-0.799288	-1.408823
-0.598266	-1.136852	0.206931
-0.116967	-0.641395	-1.770607
-0.565865	-0.766550	-0.205693
-0.162469	-0.779776	-1.594561
-0.258517	-0.703124	-1.203515
0.019710	-0.594022	-2.788613
0.026479	-0.619839	-2.586258
-0.304755	-0.805101	-0.930890
-0.535792	-1.049639	0.005405
-0.341634	-0.795157	-0.795857
-0.280836	-0.805645	-1.032772
0.032242	-0.622456	-2.631834
-0.584051	-0.930810	0.309297
-0.016183	-0.515079	-2.403479
-0.188872	-0.787282	-1.456081
-0.543539	-0.890650	-0.156186
-0.313470	-0.798212	-0.881622
-0.674888	-0.267814	0.724180
-0.674888	-0.267814	0.724180
-0.693002	-0.207600	0.765326
-0.294458	-0.798865	-0.951794
-0.429419	-0.799992	-0.525958
-0.009283	-0.509636	-2.479905
-0.826271	0.146179	1.009812
-0.039609	-0.566818	-2.097251
-0.528475	-1.000217	0.019569
-0.009598	-0.651340	-2.195122
-0.107080	-0.749736	-1.746492
0.008468	-0.631911	-2.300940
-0.365405	-0.781347	-0.686984
-0.176927	-0.776609	-1.459902
-0.564172	-0.835442	0.346206
-0.247424	-0.785549	-1.127025
-0.519881	-0.984256	0.027191
-0.240823	-0.783690	-1.153627
-0.503265	-1.300895	-0.026514
-0.040099	-0.575094	-2.020924
0.028360	-0.560660	-2.840450
-0.571662	-0.665979	0.244681
-0.732736	-0.028218	0.886837
-0.244576	-0.676574	-1.148404
-0.670251	-0.186154	0.769070
-0.799713	0.170669	0.949346
-0.791877	0.126265	0.992617
-0.097885	-0.629421	-1.699618
-0.818913	1.186955	1.336618
-0.013195	-0.541117	-2.137480
-0.502608	-0.853716	-0.185977
-0.802618	1.242893	1.318542
-0.535723	-0.731484	-0.131530
-0.335263	-0.764109	-0.713019
-0.530683	-0.726022	-0.144760
-0.550156	-1.137819	0.239115
-0.484970	-0.795948	-0.260402
-0.713602	-0.026858	0.881950
-0.538147	-0.729298	-0.066995
-0.692933	-0.062364	0.806964
-0.820988	1.080834	1.303866
-0.787587	1.235694	1.285315
-0.796483	0.220575	0.973442
-0.227325	-0.753100	-1.100351
-0.486949	-0.812451	-0.207571
-0.736715	0.048209	0.934536
-0.556506	-0.541361	0.380035
-0.766850	1.379146	1.343345
0.071489	-0.604665	-2.819318
-0.823657	1.009127	1.292158
-0.172636	-0.651948	-1.334420
-0.803332	1.072647	1.250283
0.006441	-0.528574	-2.139707
-0.469036	-1.290138	0.020762
-0.791013	1.117793	1.244116
-0.816813	0.962929	1.229983
-0.281009	-0.650611	-0.905622
0.015289	-0.649693	-2.082611
-0.302980	-0.653510	-0.822130
0.084110	-0.623493	-2.624279
-0.553934	-0.446882	0.565043
0.088064	-0.625970	-2.664339
-0.499252	-0.691161	-0.157955
-0.751643	1.433853	1.387015
-0.746695	1.448928	1.377785
-0.801128	0.930581	1.153656
-0.441688	-1.223227	-0.009030
-0.758899	1.221113	1.246464
-0.752196	1.427293	1.405223
-0.830194	0.795859	1.236235
-0.500486	-0.818958	0.364253
-0.157828	-0.721459	-1.310294
-0.510088	-0.672256	0.145656
-0.438144	-0.673137	-0.356291
-0.729517	1.390876	1.290134
-0.466111	-1.273934	0.086029
-0.505700	-0.933803	0.349308
0.025869	-0.517744	-2.143984
-0.465660	-0.836854	0.064559
0.090498	-0.611474	-2.540958
-0.509106	-1.158509	0.258134
-0.458536	-0.788162	-0.167890
-0.829061	0.782399	1.288969
-0.829075	0.790334	1.302520
-0.729142	1.520184	1.405048
0.100843	-0.618819	-2.625353
0.074815	-0.604834	-2.350981
-0.685734	0.047541	0.863178
-0.113808	-0.614693	-1.445424
-0.776076	0.261654	1.064124
-0.477293	-1.245814	0.161635
-0.410834	-0.742612	-0.351112
0.048799	-0.492833	-2.327951
-0.505309	-1.098671	0.306409
0.108059	-0.613706	-2.791999
-0.290086	-0.631374	-0.787959
-0.527390	-0.418154	0.483904
-0.603239	-0.153315	0.765365
-0.788987	1.165229	1.511074
-0.723197	1.542569	1.435535
-0.227190	-0.613741	-1.002811
0.109738	-0.441476	-3.043819
0.070220	-0.463908	-2.855971
-0.420264	-0.653633	-0.340522
0.080691	-0.465595	-2.905945
0.142421	-0.560023	-3.097259
0.061283	-0.475837	-2.444218
0.052711	-0.495394	-2.226295
-0.065618	-0.592812	-1.564849
-0.709903	1.594671	1.430917
-0.471687	-0.858267	0.372811
-0.442255	-0.766910	-0.100516
-0.465373	-0.711000	0.403828
-0.751251	0.247989	1.064765
-0.484336	-0.976468	0.367788
-0.724859	1.471112	1.476333
-0.483613	-1.160764	0.281266
-0.100522	-0.690507	-1.410566
-0.754404	1.278240	1.510802
0.046688	-0.510439	-2.089087
-0.714827	0.202097	0.940323
-0.700378	1.631513	1.432944
-0.067493	-0.586771	-1.526577
0.050488	-0.508349	-2.104447
-0.766531	0.760744	1.085532
-0.158540	-0.688351	-1.165061
0.082904	-0.448009	-2.847662
-0.492766	-0.449301	0.545101
-0.411423	-0.959015	0.116738
-0.332183	-0.628296	-0.582286
-0.445375	-0.637025	-0.151500
-0.673867	1.707866	1.353205
-0.723202	0.248991	0.965659
-0.055077	-0.580027	-1.550557
-0.767172	0.707692	1.096452
-0.418907	-0.809708	0.112585
-0.693800	1.655463	1.442175
-0.738425	0.254486	1.069214
-0.461064	-0.613504	0.149328
-0.163823	-0.680339	-1.116207
0.120870	-0.400067	-2.991259
0.039924	-0.516657	-1.964214
-0.224317	-0.591382	-0.939547
-0.462873	-0.554329	0.479715
-0.002912	-0.662019	-1.728641
-0.659092	0.094096	0.875941
-0.661422	1.699946	1.333109
-0.034037	-0.571024	-1.605332
-0.381297	-0.631907	-0.386091
-0.299946	-0.614207	-0.663730
-0.720974	0.270964	0.978455
-0.658732	1.683131	1.327299
-0.657820	1.626571	1.317700
-0.079427	-0.579247	-1.437057
0.213316	-0.436361	-3.215818
-0.398880	-0.967324	0.124627
-0.701557	1.587913	1.497399
-0.440667	-0.749769	0.396535
-0.389778	-0.705633	-0.283449
-0.143215	-0.580500	-1.211636
-0.011110	-0.552561	-1.678460
-0.410596	-0.783865	0.118182
-0.282703	-0.605968	-0.711853
0.003320	-0.540105	-1.736586
-0.397719	-0.914634	0.136724
-0.000952	-0.543132	-1.715436
-0.204563	-0.581403	-0.988529
-0.756467	0.672869	1.100232
0.122678	-0.583813	-2.483693
0.194237	-0.360952	-3.145180
-0.650638	1.601979	1.308298
-0.650638	1.601979	1.308298
-0.375432	-1.181629	0.042253
-0.389723	-1.016360	0.116270
0.283826	-0.272204	-3.315530
0.037882	-0.516789	-1.880453
-0.381835	-1.095614	0.081893
-0.739071	0.744655	1.071690
-0.295861	-0.606402	-0.644042
-0.409323	-0.725294	-0.081476
-0.409323	-0.725294	-0.081476
0.283754	-0.300896	-3.313883
0.152802	-0.605336	-2.861645
-0.393400	-0.826709	0.143730
0.148079	-0.600518	-2.813069
-0.725867	0.836147	1.075926
0.040929	-0.636426	-1.849848
0.276089	-0.236887	-3.272941
-0.703901	1.022173	1.126880
-0.728455	0.790167	1.069723
-0.606781	-0.001867	0.861380
-0.383346	-0.974738	0.134955
0.285350	-0.356307	-3.319060
-0.120704	-0.659447	-1.216688
0.032340	-0.518375	-1.810004
-0.597235	-0.016740	0.848603
-0.426941	-0.810952	0.397631
-0.693451	1.066341	1.140218
-0.078235	-0.655132	-1.368081
0.115192	-0.411284	-2.861730
-0.455235	-0.447731	0.537469
-0.043464	-0.555827	-1.495736
-0.605815	0.011727	0.869307
-0.448724	-0.960559	0.412198
-0.595365	0.008820	0.807860
-0.398874	-0.709571	-0.055521
0.316370	-0.289767	-3.349215
0.145243	-0.364353	-2.962155
-0.700855	1.398078	1.540348
-0.705156	1.363584	1.544231
0.323584	-0.275039	-3.356646
-0.454557	-0.418020	0.411367
-0.259429	-0.583625	-0.730892
-0.772702	0.866666	1.512358
-0.663857	1.727336	1.466633
-0.629413	1.505971	1.265490
-0.728962	1.212515	1.580972
0.077059	-0.493950	-2.011902
-0.769052	0.891600	1.532362
-0.426452	-0.541584	0.483216
-0.435074	-0.923229	0.422739
-0.066612	-0.644623	-1.371052
-0.220495	-0.564329	-0.857610
-0.352548	-1.143405	0.075288
-0.740857	1.122119	1.598308
-0.654284	1.755694	1.455363
-0.366139	-0.884393	0.169500
0.129395	-0.391482	-2.852261
-0.648493	0.188755	0.911795
-0.578100	-0.008165	0.846236
-0.616367	1.723103	1.316014
-0.352871	-1.085227	0.107562
0.120462	-0.562533	-2.193472
-0.146551	-0.544765	-1.097422
-0.019523	-0.534208	-1.515711
-0.012809	-0.532563	-1.536063
-0.622632	1.411565	1.233587
-0.759651	0.715580	1.418477
-0.715270	1.215221	1.596715
-0.240552	-0.676040	-0.656338
-0.093781	-0.540688	-1.257071
-0.475249	-0.256675	0.660682
-0.446597	-0.340468	0.484882
-0.094921	-0.632525	-1.216171
-0.361354	-0.739529	0.175504
-0.572935	0.012667	0.856367
0.050404	-0.496510	-1.752927
0.139053	-0.549736	-2.283582
-0.735203	0.619568	1.271197
0.058110	-0.492563	-1.778538
0.236968	-0.591480	-3.088891
0.056717	-0.492143	-1.764961
0.110844	-0.466160	-2.116630
0.122994	-0.567819	-2.095374
0.094570	-0.591634	-1.915460
-0.138087	-0.530849	-1.081044
-0.743610	0.679656	1.396734
-0.049800	-0.525719	-1.363537
-0.590668	1.673224	1.295346
0.167830	-0.554175	-2.592537
0.169400	-0.555052	-2.610773
-0.420767	-0.389439	0.564823
-0.607679	0.127847	0.941462
0.130915	-0.400535	-2.655215
0.132915	-0.427182	-2.543806
-0.674053	1.337109	1.591097
-0.590113	1.483584	1.244092
-0.357233	-0.640647	0.092577
0.436265	-0.001557	-3.408202
-0.663359	1.391184	1.586582
-0.709945	1.115344	1.635747
-0.446167	-0.262083	0.648585
-0.635457	1.062635	1.126848
0.150573	-0.362350	-2.774109
-0.689084	1.215950	1.627341
-0.729058	0.862525	1.555471
0.128235	-0.447416	-2.135552
0.147733	-0.537573	-2.173599
-0.620594	1.142511	1.148984
0.136915	-0.430836	-2.269926
0.463372	-0.066143	-3.463981
-0.150403	-0.515636	-0.983624
0.388741	-0.357275	-3.371272
-0.568728	1.663399	1.288786
-0.568720	1.584134	1.270192
-0.188247	-0.638490	-0.745291
0.148265	-0.420915	-2.498402
0.147448	-0.385021	-2.640353
-0.360858	-0.759668	0.442991
-0.590355	1.302053	1.195780
-0.313558	-0.639067	-0.200904
0.174519	-0.517907	-2.408547
-0.114888	-0.595951	-1.027359
-0.194106	-0.638206	-0.700234
-0.353312	-0.624290	0.457135
-0.634836	1.509003	1.605697
0.091324	-0.579051	-1.744424
0.182859	-0.519672	-2.482417
0.316444	-0.121893	-3.108175
0.012112	-0.488244	-1.465138
-0.281064	-0.554427	-0.416285
-0.305465	-0.979350	0.192201
0.170194	-0.513488	-2.253786
-0.572536	0.134006	0.931974
-0.595245	1.168020	1.153078
0.158804	-0.389623	-2.593806
-0.696699	1.013982	1.651076
-0.703469	0.903214	1.600841
0.087151	-0.460103	-1.714441
-0.066097	-0.586752	-1.166373
-0.337311	-0.512262	0.001875
-0.623796	0.842578	1.061587
-0.014662	-0.486385	-1.354404
0.221453	-0.550636	-2.784669
-0.425737	-0.183577	0.604724
0.165003	-0.365516	-2.630075
-0.624977	1.443487	1.617976
-0.606353	0.979530	1.098577
0.009073	-0.482015	-1.415788
-0.134161	-0.593418	-0.895377
0.128803	-0.445644	-1.882225
-0.164886	-0.504145	-0.847082
-0.561394	1.332077	1.204419
0.152877	-0.431471	-2.060101
-0.384333	-0.967487	0.523073
0.159165	-0.412751	-2.153337
0.204972	-0.514353	-2.580489
-0.627063	0.654172	1.040679
-0.670637	0.614533	1.288282
-0.602009	1.719362	1.582536
0.433791	0.072710	-3.250953
-0.535366	1.736087	1.299029
-0.328511	-0.678949	0.465994
0.444468	0.082068	-3.266995
-0.581729	1.872486	1.481986
-0.678761	1.006653	1.663944
-0.583086	0.286438	0.927285
-0.658794	1.144468	1.677711
-0.388592	-0.233335	0.529950
0.457743	0.091657	-3.283582
-0.001580	-0.469924	-1.346147
-0.617806	0.611844	1.036799
-0.312869	-0.489714	-0.006565
-0.560272	0.229202	0.892100
0.239601	-0.537429	-2.783115
-0.244502	-0.527801	-0.452577
-0.590896	1.739090	1.584780
-0.032992	-0.565328	-1.211083
-0.266523	-1.085150	0.167830
-0.589523	0.919874	1.078589
-0.564496	1.910696	1.440968
-0.326280	-0.513162	0.503893
-0.605861	1.434577	1.636625
-0.670339	0.985788	1.662382
-0.604134	0.711365	1.037042
0.169653	-0.410545	-2.078188
0.294242	-0.536083	-3.004118
0.174110	-0.396232	-2.151999
-0.596222	1.550321	1.635596
-0.147319	-0.488256	-0.852416
-0.596707	0.407705	0.990091
0.002689	-0.461832	-1.335161
-0.373866	-1.092945	0.503815
0.057651	-0.443167	-1.501875
0.456663	-0.345263	-3.375921
-0.273758	-0.857878	0.262999
-0.517230	1.556116	1.266053
-0.190329	-0.504938	-0.665068
-0.280127	-0.637427	0.269558
-0.603061	0.606000	1.030534
0.181973	-0.384210	-2.244279
-0.256243	-0.517387	-0.329628
-0.591378	1.531708	1.639812
-0.644100	1.137648	1.690668
0.010987	-0.456704	-1.345491
-0.534165	1.325403	1.204085
-0.372930	-1.024405	0.550353
0.077536	-0.438302	-1.549490
-0.570728	0.326082	0.940501
-0.599404	0.535574	1.023270
-0.510711	1.724011	1.294791
0.240123	-0.512567	-2.704371
-0.344098	-0.296907	0.407745
0.190153	-0.382951	-2.324196
-0.661496	0.844227	1.570540
-0.248897	-0.593858	-0.231096
0.192417	-0.382835	-2.341602
-0.178849	-0.495997	-0.686894
0.253218	-0.522159	-2.762676
-0.265791	-0.828834	0.277986
-0.326340	-0.415247	0.545390
-0.088795	-0.467546	-1.024104
0.322293	-0.101221	-2.975045
-0.642189	1.104362	1.698268
-0.324264	-0.344024	0.318953
0.198730	-0.339566	-2.580738
0.266916	-0.198597	-2.865597
-0.271122	-0.548756	0.029771
-0.579220	0.760798	1.037514
0.203347	-0.486632	-2.115627
0.032747	-0.542906	-1.359576
0.179433	-0.507040	-1.920512
-0.563909	1.843884	1.550276
0.155600	-0.521811	-1.787648
0.314013	-0.517894	-2.998132
0.319308	-0.515275	-3.014063
-0.632624	1.124706	1.700524
0.224546	-0.250153	-2.730958
-0.353952	-0.936870	0.582522
-0.582365	0.546009	1.015708
-0.344833	-0.897301	0.579744
-0.466519	0.042534	0.831697
-0.562745	0.869995	1.059568
-0.336513	-0.866784	0.573919
0.405209	-0.477320	-3.220990
-0.531573	1.173494	1.152139
-0.558857	1.835838	1.565224
-0.243600	-0.572083	-0.138978
0.023438	-0.534908	-1.306772
-0.319394	-0.375206	0.565273
0.552382	-0.139397	-3.472434
0.474997	-0.366601	-3.349182
0.174147	-0.508848	-1.827929
-0.497893	1.458222	1.249673
-0.636207	0.769778	1.486679
0.169101	-0.399332	-1.845055
0.488166	-0.339862	-3.366232
-0.141313	-0.577513	-0.686808
-0.569097	0.553955	1.010348
0.184383	-0.501101	-1.863603
-0.213782	-0.582678	-0.300102
0.266032	-0.202613	-2.803015
-0.548324	1.864525	1.551944
0.393274	0.016744	-3.038176
-0.552159	1.820545	1.585108
-0.092124	-0.551253	-0.888471
-0.069785	-0.451712	-1.027223
-0.161356	-0.585740	-0.570837
-0.204473	-0.584638	-0.335543
0.466868	-0.401599	-3.315617
-0.490657	1.846263	1.319254
-0.258267	-0.485546	0.170807
-0.596944	1.213978	1.695226
-0.189475	-0.587449	-0.402252
-0.083301	-0.545485	-0.907980
-0.626845	0.835893	1.556242
-0.293713	-0.318503	0.300097
0.447441	-0.442301	-3.262001
-0.042428	-0.440875	-1.096190
-0.601932	0.626098	1.289000
-0.309284	-0.260852	0.401175
-0.296458	-0.294828	0.337980
0.577146	0.061352	-3.430352
0.394334	0.021628	-3.005501
-0.040685	-0.527312	-1.045748
0.208790	-0.363868	-2.036698
0.552085	-0.208596	-3.430722
0.503376	-0.343766	-3.350889
-0.603318	0.680350	1.367884
-0.326604	-0.890562	0.626812
0.256406	-0.452959	-2.477573
-0.213592	-1.066202	0.218763
-0.232719	-0.655299	0.340229
0.259710	-0.204358	-2.710849
0.312338	-0.123586	-2.839076
-0.602743	1.083093	1.717343
-0.514855	0.337895	0.919926
-0.466629	1.535228	1.283033
-0.596873	1.104031	1.719075
0.279384	-0.464607	-2.657321
0.236972	-0.305528	-2.522817
-0.557602	0.463458	1.125869
-0.264455	-0.658531	0.538384
0.503167	-0.367133	-3.324014
-0.039356	-0.431647	-1.056621
-0.266209	-0.460865	0.540993
-0.505766	1.001979	1.099887
-0.181520	-0.464801	-0.416795
-0.254565	-1.158491	0.366318
-0.526878	1.687315	1.655182
0.291666	-0.463636	-2.681065
0.105044	-0.496883	-1.440402
0.215427	-0.464444	-1.851801
-0.205270	-0.997072	0.263899
0.226759	-0.338062	-2.042982
-0.459251	0.202453	0.837984
-0.492035	0.320218	0.902103
-0.270758	-0.265848	0.334712
-0.251538	-0.559639	0.541185
-0.040055	-0.516682	-0.977481
-0.452910	0.150004	0.893686
-0.261260	-0.420371	0.555688
-0.212047	-0.786074	0.351033
-0.460532	1.359197	1.236885
-0.185099	-0.523728	-0.150937
-0.212297	-0.611911	0.365860
0.247958	-0.322561	-2.281448
-0.440861	1.737492	1.306925
-0.511890	1.791608	1.631445
-0.189685	-0.431732	-0.239083
-0.296936	-0.165677	0.493841
-0.257502	-1.144934	0.431949
0.256588	-0.428696	-2.060688
-0.511941	1.579037	1.684344
0.240060	-0.318362	-2.055607
-0.150448	-0.448906	-0.483269
-0.220177	-0.345504	0.089346
0.265584	-0.421671	-2.116594
-0.486185	1.955292	1.493815
0.050055	-0.389970	-1.259405
0.442452	-0.426146	-3.114217
0.286921	-0.170272	-2.650959
0.266476	-0.238646	-2.537470
0.229070	-0.442034	-1.807879
-0.267535	-0.302383	0.609031
0.574363	-0.249173	-3.373516
-0.234527	-0.271796	0.257363
-0.489672	0.565599	0.975026
0.389310	-0.448162	-2.948729
-0.113999	-0.431753	-0.640166
-0.284246	-0.827798	0.687469
-0.531508	1.227707	1.715051
-0.421723	1.646375	1.322893
0.251975	-0.297581	-2.044635
-0.149110	-0.426020	-0.387480
0.211402	-0.318622	-1.744442
-0.307022	-0.984795	0.695989
0.234701	-0.309923	-1.865407
0.555278	-0.317511	-3.318359
-0.431096	0.187629	0.913981
-0.477261	0.622236	0.978070
-0.188517	-0.589806	0.399560
-0.485953	1.668400	1.681494
-0.489192	0.389905	1.070936
-0.289513	-0.873263	0.714565
-0.196862	-0.319400	0.088019
-0.303022	-0.128506	0.696893
0.248750	-0.418634	-1.826606
0.458970	-0.407131	-3.091392
0.114293	-0.460457	-1.357400
-0.419183	1.444671	1.293064
-0.520469	0.624277	1.265272
0.207849	-0.308838	-1.689432
-0.156917	-0.393618	-0.208911
-0.260297	-0.146742	0.466590
-0.059189	-0.403386	-0.834905
-0.184899	-0.322017	0.056906
-0.049443	-0.501341	-0.794440
-0.518178	0.652228	1.295092
-0.262504	-0.131333	0.486069
-0.445869	0.969186	1.081602
0.044844	-0.473373	-1.137045
-0.542459	0.976843	1.691489
-0.412005	1.420682	1.288796
-0.405527	1.537778	1.334942
-0.444185	0.911725	1.054582
-0.517381	0.693242	1.346325
0.211618	-0.295746	-1.668368
0.293426	-0.228122	-2.448359
0.317321	-0.131602	-2.605341
0.124549	-0.310538	-1.388519
0.283667	-0.266989	-2.177034
0.569560	0.196037	-3.171675
-0.471353	1.426141	1.695544
-0.174548	-0.410034	0.339328
-0.268167	-0.830426	0.742218
-0.401668	1.443387	1.307905
-0.496281	1.233382	1.720875
0.257351	-0.267016	-1.872616
0.382800	-0.420997	-2.785598
-0.026510	-0.385089	-0.909208
0.404510	0.047300	-2.782065
-0.258125	-0.799664	0.739690
-0.424983	1.029810	1.111759
-0.204348	-1.120363	0.463755
0.299496	-0.247368	-2.345545
-0.307677	0.019166	0.654315
-0.523679	0.981339	1.692519
0.659591	0.100605	-3.385832
-0.192758	-0.222450	0.255323
-0.369283	0.125774	0.854874
0.414273	-0.415057	-2.872231
0.157351	-0.292382	-1.449579
0.372500	-0.029058	-2.701392
-0.237225	-0.120358	0.463624
0.205587	-0.282127	-1.595924
-0.162108	-0.282258	0.079204
0.118798	-0.304669	-1.337020
-0.500390	1.140633	1.732821
-0.272144	-0.041810	0.577929
-0.425689	0.302288	0.993487
-0.000881	-0.374160	-0.970629
-0.147890	-0.891351	0.370637
0.230114	-0.265656	-1.680787
-0.184080	-0.219207	0.242311
-0.261604	-0.839098	0.768436
0.202794	-0.401948	-1.527475
-0.157343	-0.453334	0.396909
-0.227210	-0.123818	0.445745
-0.261878	-0.051532	0.559368
-0.380824	1.602584	1.367129
-0.148048	-0.293251	0.027006
0.451559	-0.397445	-2.952589
-0.383835	1.482980	1.344403
0.252144	-0.248756	-1.766407
0.204504	-0.273402	-1.568756
-0.266364	-0.885434	0.777323
-0.504736	0.917060	1.610162
0.311579	-0.232247	-2.309057
-0.481229	0.670052	1.305924
-0.497725	0.829832	1.503177
-0.199272	-0.351640	0.612279
-0.384465	1.381804	1.293041
0.018490	-0.364584	-1.011912
-0.478133	0.660815	1.294239
-0.243089	-1.090322	0.635613
-0.066505	-0.377207	-0.630573
-0.438370	1.523566	1.703022
-0.186805	-0.183388	0.308420
-0.124268	-0.375404	0.052929
0.653415	-0.106705	-3.368762
-0.222410	-0.723312	0.726403
0.114524	-0.431202	-1.254343
0.331277	-0.123459	-2.518765
0.372382	-0.379279	-2.616791
0.315805	-0.342115	-2.015025
-0.216226	-1.110578	0.568216
0.403078	0.040627	-2.709457
-0.411975	0.669775	0.958475
-0.368033	1.698895	1.358611
0.537337	-0.342092	-3.136140
-0.412255	0.622503	0.947741
0.000448	-0.360603	-0.932523
-0.065107	-0.474469	-0.461124
-0.063228	-0.475972	-0.475214
-0.146176	-0.515632	0.450058
0.149047	-0.268522	-1.382160
-0.007947	-0.463328	-0.826765
0.385434	-0.383908	-2.657921
-0.115727	-0.373145	0.039349
-0.145083	-0.429061	0.406383
0.142059	-0.411381	-1.316416
-0.400762	0.832290	1.007328
0.161948	-0.399691	-1.368638
-0.180026	-0.411660	0.609521
-0.142887	-0.528857	0.460394
-0.196422	-1.108271	0.539243
-0.139858	-0.688992	0.458741
-0.377016	1.268112	1.238374
-0.054544	-0.470492	-0.489073
-0.378088	1.226471	1.215185
-0.417209	0.385142	1.044113
-0.382356	1.150842	1.176999
0.399506	0.026953	-2.671974
-0.098462	-0.391352	-0.029759
-0.391059	0.867522	1.020061
-0.103968	-0.370925	0.019417
-0.208053	-0.702423	0.736871
0.008003	-0.453455	-0.863928
-0.037507	-0.473405	-0.592607
0.415494	0.072487	-2.692457
0.547356	0.191321	-3.005899
0.058405	-0.446384	-1.045583
-0.098290	-0.376111	-0.001501
0.245214	-0.224364	-1.654234
-0.375370	1.960606	1.371608
-0.251083	0.002887	0.588688
-0.104881	-0.349423	0.060268
-0.156543	-0.180005	0.250314
0.512462	0.175539	-2.907206
-0.421520	0.461722	1.098610
0.550817	-0.324018	-3.114933
-0.042678	-0.347997	-0.655060
0.261010	-0.207294	-1.709294
-0.467912	0.845553	1.511738
-0.355602	1.533771	1.399757
-0.127219	-0.292410	0.253539
0.017573	-0.445176	-0.870804
-0.376498	0.901739	1.032857
-0.078746	-0.393498	-0.083533
0.357289	-0.313981	-2.236665
-0.204035	-0.203128	0.668429
0.251704	-0.357439	-1.576854
0.343965	-0.306352	-2.066174
0.203394	-0.364757	-1.435062
0.532577	0.188717	-2.934960
-0.346685	1.637082	1.402477
-0.342372	1.758087	1.355772
0.613243	0.212953	-3.134598
-0.389319	0.363896	1.020813
0.486085	-0.368511	-2.916326
-0.123993	-0.515343	0.485993
0.509719	-0.349377	-2.977768
-0.083927	-0.346348	0.021840
-0.059430	-0.409508	-0.179792
-0.353291	1.244252	1.235171
-0.455657	0.882639	1.548477
-0.267533	0.089384	0.658334
-0.098733	-0.247390	0.000769
-0.016623	-0.452278	-0.599888
0.350328	-0.157009	-2.332548
0.443555	-0.369544	-2.745956
0.546955	-0.318525	-3.052422
-0.440727	1.144498	1.730024
-0.364486	0.639408	0.925583
-0.116342	-0.589082	0.502888
0.022701	-0.318523	-0.898905
-0.229198	-0.838219	0.849033
0.420044	-0.345516	-2.615850
-0.195404	-0.703526	0.803691
-0.089109	-0.970271	0.377116
0.320073	-0.145993	-1.959234
-0.332161	1.623821	1.428620
-0.106010	-1.065032	0.424448
0.145673	-0.378958	-1.230857
0.366569	-0.085622	-2.409168
0.226583	-0.196589	-1.501277
-0.384573	0.462621	1.089125
-0.004649	-0.437701	-0.582522
-0.172144	-0.230522	0.671870
-0.380670	1.834780	1.665383
0.603934	0.216507	-3.051368
0.100817	-0.409735	-1.082411
-0.030395	-0.397495	-0.261298
-0.300020	0.250098	0.765169
0.451333	-0.348131	-2.690026
-0.096280	-0.793516	0.468207
-0.369546	1.937212	1.574103
0.310136	-0.117080	-1.848334
-0.236634	0.092637	0.631129
0.675391	-0.140237	-3.275015
0.380427	-0.045636	-2.427015
0.007289	-0.425074	-0.621586
-0.402639	0.662635	1.281177
-0.182301	-0.690065	0.830128
-0.044305	-0.273738	-0.236980
-0.036487	-0.282316	-0.336189
-0.334056	0.636309	0.906031
0.380783	-0.262301	-2.099351
0.179572	-0.194635	-1.334532
0.676859	0.211373	-3.210020
-0.211419	-0.817577	0.885300
-0.354921	1.546763	1.679674
0.348444	-0.127783	-2.015931
-0.399371	0.706130	1.328610
0.327380	-0.259484	-1.737305
-0.029875	-0.339259	-0.091656
-0.112381	-0.106673	0.270206
-0.405373	0.775453	1.418078
-0.142232	-0.288238	0.673022
-0.312693	1.340848	1.333813
-0.344796	1.524215	1.659971
0.079846	-0.257973	-1.016688
0.536529	-0.324163	-2.908872
-0.313431	1.101996	1.152196
0.345546	-0.108529	-1.956076
-0.314604	1.534409	1.511518
-0.302080	1.690531	1.440908
-0.086666	-0.561304	0.540382
-0.128506	-0.507230	0.726022
-0.084057	-0.674534	0.530128
-0.357071	0.514549	1.123856
0.039255	-0.262423	-0.831653
0.625672	-0.232609	-3.111558
-0.293523	1.782077	1.383404
0.297232	-0.088789	-1.694356
-0.301287	0.910705	1.001895
-0.083731	-0.294782	0.440760
-0.397386	0.886487	1.540281
0.390844	-0.097091	-2.252478
-0.326753	1.565085	1.653390
0.385034	-0.113391	-2.160480
-0.389597	1.104190	1.706468
0.369220	-0.102682	-2.030192
-0.296238	1.177117	1.207070
0.016807	-0.373296	-0.421914
0.534220	-0.319820	-2.839981
-0.297424	1.620226	1.518329
0.727984	0.026956	-3.290649
0.047757	-0.238632	-0.825730
-0.007442	-0.236311	-0.301011
0.062616	-0.381070	-0.800004
0.732757	0.063169	-3.291363
0.016717	-0.355082	-0.330561
-0.302601	1.583954	1.580874
-0.385973	0.969862	1.619295
0.013406	-0.228176	-0.565919
-0.282018	0.883302	0.969151
0.419847	0.032127	-2.403836
0.117029	-0.178548	-1.080071
0.304458	-0.238828	-1.560445
0.045274	-0.222690	-0.786525
0.002025	-0.227971	-0.355976
-0.145476	-0.148872	0.714154
-0.138819	-0.172249	0.708298
-0.310087	1.397378	1.588165
-0.277156	0.970085	1.029109
-0.057018	-0.105357	0.148884
-0.067071	-0.216711	0.388056
-0.273761	0.909246	0.979288
0.087810	-0.196020	-0.960860
0.092124	-0.189508	-0.976243
-0.079814	-1.045057	0.549365
-0.045087	-0.885144	0.470466
-0.372495	0.899652	1.550271
0.121476	-0.353389	-1.006082
-0.063609	-0.078539	0.206234
-0.140577	0.049110	0.485158
-0.271531	1.132024	1.168572
0.601829	0.229733	-2.891661
-0.140504	-0.638823	0.886352
0.142424	-0.329303	-1.069315
-0.343601	0.685930	1.295840
0.398839	-0.074427	-2.078136
-0.361706	0.839818	1.487997
0.610892	-0.241218	-2.974015
-0.039129	-0.873106	0.483883
0.432074	0.053460	-2.367628
0.109851	-0.144028	-1.012326
-0.015831	-0.196093	0.128749
-0.101526	-0.289923	0.710982
-0.303282	1.842658	1.643744
0.352300	-0.030025	-1.816122
-0.177622	0.157170	0.605524
-0.048932	-0.156604	0.329061
-0.288226	1.667457	1.656978
-0.271567	1.379694	1.465517
0.337974	-0.017331	-1.752392
-0.248368	0.855930	0.925914
-0.135737	0.080905	0.503129
-0.032581	-0.979897	0.483715
0.289568	-0.055199	-1.537163
-0.051790	-0.332986	0.535582
-0.284119	1.939219	1.510754
-0.349535	0.894703	1.542422
-0.329945	0.717537	1.329773
-0.286821	1.921351	1.553112
-0.105883	-0.210683	0.722905
-0.112994	-0.580469	0.864505
-0.177217	0.187232	0.622729
-0.141755	-0.676022	0.952092
-0.330971	1.146112	1.682692
-0.165271	0.164880	0.595857
0.436063	0.032978	-2.294400
0.475623	0.196966	-2.452896
0.441934	0.067265	-2.331197
-0.240277	1.059748	1.082788
0.041998	-0.139193	-0.561307
-0.158658	-0.768888	0.979438
0.466731	0.165810	-2.420102
-0.338414	0.837863	1.484344
-0.178820	0.210054	0.637718
0.588716	0.236196	-2.782514
0.719497	-0.084258	-3.176016
-0.153182	0.152958	0.574340
0.643449	0.240278	-2.940383
-0.127181	-0.637009	0.936005
0.683167	-0.147631	-3.089613
0.064568	-0.117807	-0.736390
0.040960	-0.141052	-0.491478
-0.040213	-0.159564	0.391566
-0.244157	1.796150	1.434039
0.086692	-0.110782	-0.852415
0.056544	-0.110398	-0.674691
-0.247344	1.307511	1.359526
-0.037266	-0.670394	0.587976
0.473768	0.186902	-2.422158
0.091110	-0.105006	-0.868040
0.242677	-0.083252	-1.345684
0.070727	-0.317792	-0.493568
0.012957	-0.179141	0.090831
0.012957	-0.179141	0.090831
-0.142930	0.143894	0.556311
-0.262347	1.931258	1.470488
0.045001	-0.124798	-0.523038
-0.228497	0.724952	0.850040
-0.227792	0.749905	0.858985
-0.206977	0.336511	0.723238
-0.245376	1.731512	1.505778
-0.229068	0.599570	0.809231
-0.157654	-0.851298	0.960815
-0.255736	1.709736	1.587658
-0.211378	0.370815	0.738038
-0.220742	0.446435	0.765350
-0.027124	-0.771408	0.553477
-0.024907	-0.125413	0.299365
0.746149	0.169391	-3.200350
0.485988	0.214849	-2.443404
-0.266703	1.913583	1.535203
0.554418	-0.274266	-2.678471
-0.249037	1.910451	1.427811
-0.237325	1.240350	1.278492
0.356186	-0.147494	-1.624473
-0.151608	0.010697	0.797576
0.434390	-0.020928	-2.130983
0.143179	-0.293294	-0.974226
0.088888	-0.299595	-0.675339
-0.245307	1.718841	1.549738
-0.079959	-0.276287	0.739694
-0.017096	-0.966661	0.515282
-0.017096	-0.966661	0.515282
-0.215538	0.948278	0.957372
-0.216915	0.818420	0.880511
0.082897	-0.301468	-0.583515
0.539975	-0.255054	-2.591153
-0.258557	1.914008	1.518327
0.123578	-0.295199	-0.881385
0.467691	0.154350	-2.362280
0.000959	-0.134376	0.200314
-0.031083	-0.414516	0.595202
0.755956	0.141387	-3.208038
-0.210745	0.865480	0.899812
0.466903	-0.154047	-2.118620
0.130272	-0.290569	-0.900923
-0.245330	1.914692	1.456336
0.601476	-0.246552	-2.810753
-0.250753	1.767558	1.607374
0.676893	-0.155851	-3.021899
0.069752	-0.261732	-0.198781
0.136806	-0.285410	-0.919810
0.380760	0.010607	-1.807191
-0.074444	-0.461500	0.824559
0.141766	-0.280769	-0.935965
0.483061	0.203015	-2.386547
0.752569	0.006985	-3.194548
-0.235562	1.738417	1.549230
-0.025279	-0.448647	0.612058
-0.201499	0.983126	0.973945
-0.243791	0.399867	1.019224
-0.201543	0.832702	0.875088
0.171715	-0.239904	-1.044520
0.057100	-0.120144	-0.360551
0.078859	-0.262914	-0.238774
0.092436	-0.277356	-0.558685
0.566002	-0.252246	-2.638701
-0.272343	0.596349	1.190217
-0.137814	-0.762222	1.018125
0.068329	-0.220623	-0.111478
-0.070600	-0.469722	0.844180
-0.195556	0.512616	0.754113
-0.163954	0.295928	0.662940
-0.191830	0.877630	0.891047
-0.192969	0.802626	0.853407
-0.098918	-0.597476	0.962188
-0.103004	0.145980	0.507527
-0.094165	-0.106358	0.765770
-0.084269	-0.144956	0.758743
0.385621	0.030221	-1.781952
-0.095950	0.138510	0.492038
0.259213	-0.031816	-1.328117
0.615320	-0.227305	-2.786733
0.353772	-0.118208	-1.548444
-0.243313	0.486716	1.083396
-0.224283	1.860037	1.496722
-0.133300	0.231996	0.598574
0.050290	-0.148336	0.061862
-0.220491	1.796167	1.527749
-0.225494	1.803822	1.560407
0.469842	0.121388	-2.251310
-0.182983	0.775337	0.832452
0.574184	-0.234976	-2.603306
-0.177987	0.977769	0.946432
-0.107620	-0.643390	1.020683
0.487711	0.200948	-2.323745
0.310930	0.026345	-1.486846
-0.052352	-0.348436	0.793832
0.167771	-0.206609	-0.979062
0.134878	-0.004202	-0.917365
0.759616	0.003426	-3.154402
0.074282	0.015513	-0.542359
0.144055	-0.221000	-0.861507
-0.058229	-0.456858	0.867100
-0.089280	-0.988982	0.830716
0.196287	-0.169051	-1.068910
-0.086107	0.164578	0.492826
0.662133	0.256233	-2.861315
-0.113463	-0.900121	0.942413
0.490326	0.201761	-2.295019
0.536928	-0.162815	-2.332242
0.171039	-0.179345	-0.967703
0.432777	0.036838	-1.903791
-0.230125	0.533746	1.120351
0.077742	-0.015451	-0.409612
0.724335	0.231189	-3.028067
0.725153	-0.082742	-3.038758
0.082407	0.048412	-0.539189
-0.244122	1.218245	1.634073
-0.201730	1.305823	1.453713
-0.145361	0.408690	0.672487
-0.155815	1.058033	1.002986
0.008559	-0.958358	0.600286
0.456624	-0.071994	-1.849749
0.762172	0.188175	-3.112488
-0.205425	0.444602	1.048822
0.251727	-0.138627	-1.189785
-0.050994	0.148108	0.424991
0.616847	-0.211188	-2.655133
0.368752	-0.080159	-1.519805
0.180450	0.014439	-1.006682
-0.159253	0.234090	0.931856
0.008409	-0.143603	0.497348
-0.080854	-0.942963	0.889510
-0.103618	0.045055	0.844768
0.705912	-0.103413	-2.938301
0.761562	-0.012748	-3.089761
0.014024	-0.653608	0.655714
-0.204722	0.515879	1.102086
0.634543	0.269208	-2.698834
-0.093528	0.277985	0.561655
0.725999	-0.080960	-2.984866
0.022578	-0.740865	0.626736
0.130862	-0.188722	-0.360294
0.476602	-0.061413	-1.872853
-0.141269	1.134084	1.081072
0.286622	0.046962	-1.317275
-0.204141	0.554931	1.135541
-0.223422	0.682656	1.274573
-0.209931	0.600370	1.181836
0.051680	-0.049782	0.242664
0.099590	-0.028388	-0.213818
0.555751	-0.117725	-2.244457
0.100653	0.020403	-0.354571
0.453667	0.094311	-1.895958
-0.062379	0.236457	0.492262
-0.117011	0.482436	0.648757
-0.207978	0.628590	1.213796
-0.199977	0.587113	1.165711
-0.101304	0.384253	0.603497
0.146701	-0.080324	-0.686767
0.345408	-0.081574	-1.391837
0.744012	0.233895	-2.997201
0.104511	0.110482	-0.469206
-0.021022	-0.333090	0.861628
-0.041032	0.217463	0.443989
0.748374	-0.044761	-2.994317
0.033442	-0.046963	0.410933
0.144390	-0.123487	-0.459969
0.264478	0.057573	-1.201927
0.241184	0.058674	-1.127228
-0.106482	0.628502	0.674887
0.725738	0.253302	-2.920399
0.380088	-0.047657	-1.474028
-0.120784	1.179065	1.133591
-0.131067	1.213916	1.219766
-0.101930	0.709791	0.706467
0.033646	-0.116758	0.521009
0.466570	-0.027990	-1.743481
-0.038715	-0.519288	1.033395
-0.068634	-0.858209	0.998068
0.490272	0.184737	-2.028823
0.132076	0.135000	-0.584489
-0.133893	1.255947	1.304036
0.395836	0.147791	-1.620829
0.150758	-0.063854	-0.470882
-0.018723	-0.177646	0.837778
0.268389	0.076984	-1.177773
0.778938	0.018576	-3.032736
0.044340	0.132475	0.206707
0.042556	-0.649715	0.692853
0.793512	0.081157	-3.070408
0.514301	0.268658	-2.134187
0.174981	-0.032245	-0.729576
-0.219004	0.914721	1.568823
0.304782	0.112213	-1.287500
0.301502	0.109834	-1.274342
-0.204282	0.786812	1.430404
0.455229	0.161288	-1.808902
-0.050650	-0.593515	1.132327
0.661992	-0.148845	-2.589767
0.044484	-0.341762	0.682468
-0.094319	1.176325	1.096409
0.156743	0.138695	-0.665005
0.052794	-0.014434	0.420157
-0.086234	1.149264	1.043440
-0.075150	0.758843	0.693704
-0.124019	0.345478	0.994453
0.574020	0.306372	-2.312258
0.153309	0.153140	-0.615363
0.163831	0.142873	-0.681175
0.190590	-0.006620	-0.772198
0.581389	0.307567	-2.327616
0.161125	0.010890	-0.490993
0.005694	-0.942431	0.813205
0.051148	-0.402169	0.710410
0.263531	0.103437	-1.110245
0.629532	0.295224	-2.490082
0.052927	-0.607135	0.719459
0.174624	0.146199	-0.715753
0.053860	-0.366850	0.702264
0.003186	-0.268112	0.897709
0.027078	-0.936854	0.767249
0.315568	-0.039389	-1.208443
0.246698	0.108375	-1.033252
0.181029	-0.100925	-0.293068
0.059521	-0.661481	0.709565
-0.026347	-0.028410	0.869742
-0.177338	0.760774	1.388959
0.522934	0.298284	-2.077604
0.690914	-0.112442	-2.623750
0.173048	-0.073281	-0.157765
0.260475	0.116731	-1.069103
0.065594	0.004199	0.431693
0.145549	0.078924	-0.243386
0.023592	0.252955	0.327947
0.418528	0.203134	-1.617554
0.062006	-0.086203	0.544556
0.136150	0.081884	-0.117981
0.083446	0.166411	0.119941
0.314073	0.164257	-1.251408
0.159674	-0.027274	-0.040857
0.125111	0.106529	-0.043956
0.636703	-0.096308	-2.293080
0.069422	-0.875677	0.692046
0.496559	0.274269	-1.927308
0.515145	0.293803	-2.006489
0.805290	0.146255	-3.020482
-0.039530	0.940930	0.751249
0.635648	0.306381	-2.443319
0.549202	0.333291	-2.135884
-0.037998	0.912173	0.727272
0.091619	0.171503	0.104505
0.535580	-0.007026	-1.829948
0.157856	0.209370	-0.479776
0.530367	0.321128	-2.058497
0.559562	0.334538	-2.163672
0.143234	0.185119	-0.316919
0.533655	0.326573	-2.069534
0.264621	0.134762	-1.043115
0.428840	0.226099	-1.628856
0.029850	0.280295	0.328310
0.085357	0.189717	0.132638
0.000377	-0.462234	1.070729
0.142008	0.103902	-0.110474
0.484316	0.259015	-1.843113
-0.000860	0.382726	0.411655
-0.000860	0.382726	0.411655
0.006537	-0.429163	1.040222
0.434609	0.231993	-1.644936
-0.017753	-0.861565	0.986623
0.010584	-0.160718	0.892036
-0.000311	-0.471272	1.084420
0.598867	-0.031749	-2.067162
0.333929	-0.014066	-1.207420
0.195406	-0.070623	-0.219996
0.283577	-0.009285	-1.051832
0.339594	-0.014301	-1.222024
0.758803	-0.015934	-2.824100
0.193004	-0.032517	-0.336731
0.739999	-0.047741	-2.750215
0.195003	-0.042694	-0.325490
0.329213	0.202027	-1.274352
-0.016263	0.490244	0.465718
-0.066224	1.231385	1.190032
0.125715	0.043784	0.171592
0.153415	0.013053	0.044951
-0.028982	0.745622	0.590513
0.013801	-0.394238	1.016330
0.616730	0.321182	-2.337492
0.195856	-0.062591	-0.201974
0.084625	0.048459	0.387713
-0.094002	1.271765	1.394955
-0.029143	-0.625413	1.202107
0.344484	0.218561	-1.322661
0.157471	0.015821	0.029747
0.810956	0.129102	-3.001533
0.080026	0.019720	0.452906
0.275138	0.003817	-1.005724
0.357565	-0.009464	-1.258096
-0.021493	1.003462	0.770274
0.794658	0.038555	-2.933559
0.095440	0.062942	0.336559
-0.165882	0.824777	1.497621
0.022588	-0.340059	0.981960
-0.125322	0.662801	1.237665
0.207366	0.062034	-0.639117
0.675628	-0.106712	-2.387938
0.308830	0.186651	-1.170034
0.015884	-0.138202	0.901067
0.313035	0.196667	-1.185094
0.599792	-0.017640	-2.018972
0.681418	-0.106041	-2.404429
0.083875	-0.000400	0.489594
-0.017069	1.091106	0.862615
0.030432	0.352353	0.344626
-0.009346	0.594061	0.479601
-0.101702	0.546195	1.120203
0.516172	0.015614	-1.700632
0.148167	0.055954	0.106570
0.691534	-0.102949	-2.436333
0.296334	0.009627	-1.044360
0.813220	0.098752	-2.968256
0.558414	0.005662	-1.829525
0.353422	0.004035	-1.215682
-0.086330	0.448848	1.060541
0.733445	-0.056762	-2.640191
0.487918	0.306783	-1.798393
-0.159749	0.904803	1.576139
0.721901	-0.068445	-2.577068
0.089856	-0.002795	0.507194
0.004605	-0.509095	1.172526
-0.003184	0.803689	0.576911
0.807475	0.063449	-2.926272
0.619591	-0.015283	-2.047694
0.200351	0.102894	-0.440282
0.513448	0.022177	-1.662864
0.365414	0.009171	-1.232262
-0.103019	1.225485	1.553996
0.673463	0.316219	-2.460676
-0.002520	-0.821294	1.044792
0.692515	-0.087253	-2.367487
0.420323	0.288213	-1.521932
0.091226	-0.360403	0.750584
0.431147	0.295719	-1.556870
0.003726	-0.828661	1.031478
0.525725	0.024438	-1.679839
-0.019145	1.224712	1.094481
0.025047	-0.086825	0.922561
0.236171	0.099895	-0.690387
-0.008331	1.188272	1.021041
0.133314	0.117628	0.219327
0.261427	0.070769	-0.829880
0.743790	-0.042394	-2.603693
0.299699	0.222254	-1.044566
0.109003	0.088389	0.399985
0.412618	0.308216	-1.474113
0.095578	-0.561274	0.783450
0.388288	0.305821	-1.388039
0.007058	1.159818	0.934064
0.537991	0.027784	-1.691917
0.750664	0.299024	-2.723182
0.214394	0.024276	-0.135175
0.056357	0.419704	0.301252
-0.011767	0.131077	0.964620
0.748779	0.302492	-2.707252
0.027864	0.649673	0.413120
0.384195	0.314854	-1.360452
0.691880	0.322048	-2.466486
0.581216	0.381162	-2.055631
0.026098	1.087774	0.764397
0.790127	0.268226	-2.843130
-0.039348	0.308695	1.011927
0.314914	0.274857	-1.075424
0.692440	-0.047568	-2.253317
-0.035111	1.279511	1.319411
0.427594	0.030632	-1.345557
0.533427	0.400484	-1.879730
0.058963	0.470153	0.307336
0.699822	-0.048797	-2.271223
0.750090	0.308403	-2.679185
0.106458	-0.438337	0.792397
0.167641	0.306741	-0.197585
-0.126867	0.919283	1.593479
0.037616	1.085252	0.737283
0.078667	0.420462	0.250288
0.038111	0.940430	0.606586
0.360349	0.045674	-1.130493
0.552424	0.035581	-1.680220
0.643561	0.011109	-1.992686
0.120546	0.092786	0.452844
0.820742	0.078648	-2.850878
0.237564	0.149552	-0.481841
0.462688	0.037440	-1.410644
0.246746	0.145302	-0.551181
0.299942	0.337480	-0.952702
0.071063	0.544942	0.257839
0.119247	-0.050767	0.609534
0.333167	0.060612	-1.011926
-0.086952	1.135975	1.607791
0.120721	-0.109061	0.654639
0.116792	-0.410703	0.800558
0.365541	0.371797	-1.218442
0.060220	-0.184185	0.995517
0.051662	-0.416154	1.164248
0.348020	0.377139	-1.139991
0.063855	-0.275476	1.044643
0.778092	0.300073	-2.719902
0.283501	0.404859	-0.827645
-0.088141	1.094099	1.615152
-0.020526	0.357610	1.043006
0.467015	0.428657	-1.576538
0.158821	0.191245	0.210703
0.126422	-0.163984	0.700527
0.058386	-0.099990	0.976783
0.094903	0.541003	0.186795
0.353652	0.067943	-1.041717
-0.034239	0.568122	1.133822
0.113251	0.466315	0.137782
0.227077	0.123743	-0.086760
0.067298	0.875691	0.473718
0.213756	0.378314	-0.361420
0.127802	0.427543	0.100214
0.318807	0.422368	-0.958778
0.238562	0.196484	-0.326155
0.516490	0.451117	-1.712588
0.070663	1.127284	0.716985
0.071921	0.876905	0.463556
0.302876	0.462203	-0.863487
0.170110	0.392114	-0.096435
0.356227	0.426682	-1.114850
-0.080388	1.058232	1.617681
0.112595	0.524972	0.149773
0.086831	0.733548	0.274606
0.322864	0.444356	-0.948496
0.103264	0.598928	0.185173
0.514155	0.463723	-1.683159
0.312322	0.121179	-0.804864
0.308618	0.481531	-0.858501
0.345848	0.089830	-0.957334
0.143506	0.226225	0.356281
0.091533	-0.831139	0.935894
0.069028	1.265955	0.923650
0.029131	1.285450	1.208098
0.474594	0.053817	-1.353215
0.755219	0.335940	-2.531307
0.118008	-0.816374	0.865783
0.045930	-0.727771	1.163960
0.225499	0.453461	-0.366103
0.143660	-0.122194	0.696008
0.272168	0.489326	-0.613107
0.216585	0.475085	-0.320902
0.201639	0.483612	-0.246598
0.237068	0.172422	-0.084171
0.661644	0.398431	-2.116237
0.194131	0.512691	-0.215153
0.149354	0.159117	0.462543
0.329741	0.499730	-0.904252
0.358088	0.477189	-1.044303
0.159077	0.575405	-0.059677
0.085037	1.290876	0.869618
0.182665	0.587911	-0.179409
0.143582	0.638252	0.007201
0.294339	0.536454	-0.698851
0.743974	0.008748	-2.204458
0.167433	0.650049	-0.114704
0.142887	0.684327	0.010545
0.560359	0.470452	-1.764713
0.151270	0.236018	0.395448
0.143288	-0.492518	0.850787
0.288797	0.200734	-0.518265
0.131761	0.742001	0.093805
0.117437	0.787390	0.210176
0.051766	0.107949	1.024115
0.311577	0.557252	-0.747270
0.152839	-0.228030	0.771292
0.048014	1.294156	1.214144
0.179816	0.709829	-0.141032
0.648153	0.052218	-1.794024
0.541446	0.057916	-1.477994
0.106180	0.997869	0.540731
0.116565	0.845270	0.296493
0.156055	-0.245922	0.783719
0.101505	1.336465	0.855175
0.159867	0.170201	0.488529
0.165630	0.753877	-0.048658
0.236172	0.675450	-0.351985
0.501251	0.514256	-1.530950
0.497666	0.064940	-1.344117
0.370253	0.529129	-1.003006
0.637349	0.055989	-1.733049
0.114783	0.937861	0.447806
0.836540	0.089256	-2.641465
0.179723	0.275710	0.281133
0.114622	1.018327	0.550394
0.100394	1.356332	0.930281
0.112632	1.312414	0.794130
0.102306	1.362995	0.917697
0.166683	0.052990	0.599192
0.125771	0.876710	0.313935
0.162510	-0.269232	0.804054
0.516273	0.521754	-1.551797
0.295034	0.634607	-0.567535
0.168647	-0.002715	0.646003
0.280596	0.648582	-0.495464
0.375663	0.550115	-0.980100
0.121455	1.116914	0.636326
0.323676	0.605251	-0.696746
0.747014	0.041560	-2.088728
-0.039858	1.022788	1.618455
0.297438	0.247676	-0.413335
0.105857	1.366424	0.959602
0.056889	1.298333	1.290365
0.171436	0.128552	0.554718
0.170205	0.181665	0.511804
0.414583	0.099282	-1.048853
0.408104	0.546375	-1.108239
0.128289	-0.794775	0.957999
0.097322	1.314545	1.045755
0.631745	0.063870	-1.669196
0.155104	0.837877	0.136688
0.157892	0.834880	0.120919
0.080823	-0.616791	1.293453
0.146482	0.878968	0.238634
0.278608	0.686756	-0.436752
0.849258	0.106047	-2.619558
0.776136	0.046866	-2.173890
0.827558	0.072391	-2.466722
0.270365	0.706335	-0.392094
0.096733	-0.479457	1.348854
0.443709	0.550120	-1.224129
0.294657	0.672401	-0.488591
0.665635	0.446145	-1.958289
0.165865	0.840020	0.112504
0.111470	-0.173188	1.109504
0.869528	0.192547	-2.757775
0.455924	0.554131	-1.260371
0.610036	0.488204	-1.769994
0.095069	-0.734081	1.146943
0.373037	0.601427	-0.853988
-0.019129	0.771013	1.480677
0.137142	1.368017	0.783661
0.682859	0.439460	-1.992326
0.236210	0.759657	-0.217285
0.809024	0.061865	-2.298718
0.374997	0.163678	-0.797435
0.494257	0.555823	-1.381515
0.143345	1.161008	0.643048
0.842511	0.095256	-2.506774
0.112983	-0.369112	1.277226
-0.034207	0.878992	1.602301
0.183621	0.146623	0.569401
0.180024	0.837855	0.072429
0.830203	0.079308	-2.416701
0.849403	0.108473	-2.549745
0.228522	0.775707	-0.172789
0.833170	0.081914	-2.431025
0.163809	0.883669	0.211330
0.591750	0.511225	-1.686858
0.591750	0.511225	-1.686858
0.749563	0.388233	-2.225200
0.404156	0.132241	-0.919247
0.412147	0.581607	-1.012276
0.148662	1.201129	0.664771
0.072865	0.240295	1.075367
0.323999	0.265940	-0.427532
0.434001	0.570885	-1.111419
0.189751	0.098511	0.607681
-0.001320	1.086092	1.597673
0.577431	0.072116	-1.454603
0.728627	0.410350	-2.123191
0.860478	0.122128	-2.585783
0.151710	1.081684	0.565005
0.573896	0.530250	-1.610019
0.251784	0.760899	-0.233063
0.153270	1.225958	0.675208
-0.008548	1.029957	1.612658
0.167755	-0.739799	0.916391
0.496449	0.568597	-1.341323
0.426404	0.585509	-1.044905
0.155031	1.254357	0.689910
0.111054	-0.734165	1.139838
0.415591	0.132990	-0.930418
0.149197	1.422112	0.795668
0.160846	0.976388	0.414908
0.165901	-0.748722	0.931680
0.160270	1.008561	0.463307
0.505283	0.570160	-1.356563
0.107093	-0.580322	1.332468
0.323394	0.694494	-0.499515
0.253745	0.327810	0.048098
0.820389	0.354850	-2.512270
0.157394	1.362324	0.747192
0.860857	0.124621	-2.527407
0.184816	-0.461858	0.907339
0.720832	0.430948	-2.042722
0.296079	0.326039	-0.192807
0.544476	0.084140	-1.326701
0.349464	0.261464	-0.483526
0.877529	0.248857	-2.709791
0.792969	0.078084	-2.095955
0.301973	0.327611	-0.209696
0.068101	0.631637	1.160728
0.185682	0.901794	0.215225
0.521014	0.086153	-1.249785
0.183933	-0.623989	0.918692
0.001073	1.002849	1.616246
0.593084	0.078422	-1.443819
0.124885	-0.733115	1.132767
0.198242	0.310013	0.480909
0.440311	0.599992	-1.026732
0.181893	-0.693370	0.925938
0.535442	0.087774	-1.279648
0.297513	0.339336	-0.155733
0.123242	-0.532344	1.368215
0.263047	0.348148	0.057069
0.136300	-0.744647	1.098085
0.393371	0.210010	-0.699452
0.393589	0.650180	-0.746726
0.023773	1.071793	1.593414
0.403515	0.194490	-0.748674
0.007192	0.792252	1.538315
0.584584	0.547806	-1.540909
0.533423	0.577976	-1.366773
0.389278	0.660250	-0.699083
0.182588	1.103034	0.542467
0.375469	0.678243	-0.621713
0.770043	0.091701	-1.930752
0.004230	0.840818	1.591218
0.216620	0.092860	0.651816
0.836450	0.364068	-2.468144
0.312077	0.751642	-0.332384
0.126728	-0.654474	1.264275
0.146405	-0.335714	1.328479
0.845711	0.357628	-2.505259
0.030170	1.044414	1.598766
0.132443	0.029948	1.119611
0.081504	1.210908	1.463179
0.275693	0.801391	-0.162329
0.194960	1.030723	0.443082
0.218493	0.171306	0.624146
0.537344	0.588006	-1.322067
0.116972	0.200302	1.111045
0.451853	0.151104	-0.906392
0.209772	0.940185	0.269822
0.108691	1.265934	1.376534
0.196252	1.223306	0.623653
0.017512	0.859834	1.603104
0.548502	0.587944	-1.337756
0.236725	0.381260	0.374345
0.219547	0.235093	0.612093
0.192025	1.449151	0.760112
0.897845	0.261970	-2.636427
0.408231	0.675269	-0.669522
0.466213	0.148351	-0.926702
0.156988	-0.439387	1.421751
0.118810	0.284566	1.121398
0.224565	-0.246606	0.874222
0.149612	-0.563542	1.358597
0.051605	0.750957	1.467552
0.808083	0.118721	-1.973510
0.463479	0.162966	-0.880538
0.650762	0.092805	-1.478752
0.218872	-0.428568	0.950094
0.165668	-0.179761	1.231954
0.242283	0.392477	0.419530
0.144513	0.097192	1.141888
0.693284	0.497453	-1.736859
0.054458	1.021036	1.597660
0.238027	-0.133782	0.819290
0.160133	-0.546205	1.376248
0.056369	0.759494	1.496390
0.521971	0.607451	-1.135867
0.155126	1.271373	1.245150
0.362970	0.744368	-0.378423
0.162347	-0.679720	1.212746
0.668867	0.522988	-1.630844
0.428617	0.683009	-0.652607
0.302551	0.820190	-0.115514
0.135589	0.388939	1.115863
0.823729	0.137909	-1.964655
0.466767	0.196564	-0.793516
0.422989	0.286661	-0.509323
0.597439	0.107545	-1.278907
0.144010	0.432077	1.091060
0.130147	0.683070	1.209049
0.263848	0.419426	0.394631
0.250279	-0.141761	0.838506
0.607449	0.570062	-1.390616
0.155182	1.253742	1.326430
0.244280	-0.266251	0.914648
0.231654	1.367110	0.672389
0.919416	0.219577	-2.473507
0.157035	0.533756	1.073605
0.297936	0.432849	0.203821
0.173844	-0.615947	1.312257
0.302222	0.432132	0.188062
0.179832	-0.552196	1.376020
0.261981	0.074875	0.727205
0.308464	0.432363	0.169472
0.217916	1.459824	0.914546
0.261992	-0.026921	0.789679
0.519803	0.632905	-0.977830
0.194616	-0.245778	1.357638
0.268683	0.941606	0.229804
0.318512	0.434438	0.143342
0.926702	0.233768	-2.452449
0.433031	0.715835	-0.532740
0.688027	0.114614	-1.462705
0.257908	0.384654	0.594508
0.927010	0.274006	-2.498372
0.431426	0.328373	-0.399571
0.195853	1.249164	1.191777
0.204424	1.258832	1.145542
0.190222	1.240203	1.234827
0.088702	0.771454	1.529891
0.395037	0.389244	-0.198410
0.848396	0.172982	-1.930709
0.676104	0.118866	-1.403020
0.195361	-0.044390	1.238417
0.260793	-0.284217	0.950183
0.183945	0.108375	1.192919
0.444995	0.327250	-0.411534
0.270009	1.054347	0.394715
0.243770	1.517886	0.792499
0.901822	0.209459	-2.146127
0.921099	0.226371	-2.266880
0.185179	0.623672	1.105432
0.209678	-0.473989	1.447762
0.211816	-0.233164	1.389019
0.267655	1.258025	0.562775
0.392218	0.764615	-0.267505
0.251117	1.516428	0.780730
0.247005	1.493459	0.852185
0.113111	0.751899	1.497021
0.271101	1.292143	0.583022
0.936388	0.304605	-2.425727
0.194631	0.119820	1.204861
0.286088	-0.026581	0.817279
0.211682	-0.092373	1.287860
0.199805	0.435860	1.066840
0.282783	0.431308	0.598009
0.912693	0.229482	-2.134638
0.275040	1.312703	0.593071
0.282187	0.426585	0.614321
0.255196	-0.570327	1.047738
0.212872	-0.064918	1.279673
0.281538	0.421616	0.630740
0.274889	-0.291008	0.973107
0.203847	0.623262	1.095375
0.589251	0.141747	-1.062091
0.292514	0.000394	0.809635
0.216284	-0.074980	1.290136
0.317899	0.913250	0.150576
0.220250	-0.122366	1.320521
0.126520	1.000344	1.570730
0.517086	0.244670	-0.686941
0.881436	0.395431	-2.081488
0.320029	0.481050	0.374773
0.283141	1.322560	0.591212
0.280528	-0.272802	0.969410
0.289789	0.217162	0.738943
0.182337	0.692614	1.253536
0.277552	-0.337382	0.999433
0.259715	-0.588917	1.061971
0.755477	0.155974	-1.529408
0.894678	0.228691	-1.986949
0.761887	0.469715	-1.637158
0.629867	0.139001	-1.164750
0.220749	-0.039793	1.285135
0.295894	0.452181	0.606305
0.209800	0.125741	1.221453
0.332911	0.489739	0.334022
0.207947	0.170672	1.210742
0.297277	-0.131052	0.887117
0.204269	0.306691	1.168069
0.288256	0.417128	0.690413
0.784493	0.176893	-1.595179
0.234526	-0.190531	1.404738
0.155727	0.723222	1.420496
0.840413	0.198185	-1.758043
0.643106	0.142431	-1.182977
0.404644	0.444729	-0.031567
0.273294	1.479949	0.846675
0.316279	0.484213	0.500856
0.231542	1.185295	1.241456
0.862401	0.215381	-1.822495
0.243031	-0.272977	1.489388
0.326241	0.490994	0.438629
0.879534	0.231200	-1.882921
0.217239	1.183200	1.323966
0.351487	0.495041	0.272991
0.145388	0.747913	1.492879
0.708157	0.502944	-1.425836
0.578072	0.178438	-0.909375
0.939489	0.342437	-2.241644
0.305825	-0.114464	0.886691
0.822952	0.430901	-1.763459
0.237193	-0.540374	1.395966
0.936729	0.354252	-2.222496
0.297723	0.279394	0.765971
0.788971	0.446108	-1.652726
0.506080	0.702981	-0.561086
0.693484	0.152035	-1.301204
0.264056	1.216959	1.104644
0.754322	0.464632	-1.543585
0.701179	0.154936	-1.318864
0.925386	0.359438	-2.128486
0.302571	0.453422	0.688472
0.486619	0.363654	-0.335405
0.303419	1.382995	0.618726
0.710669	0.159804	-1.336283
0.337218	0.953830	0.228610
0.327239	1.008649	0.314148
0.327239	1.008649	0.314148
0.369354	0.498054	0.232942
0.919418	0.279484	-2.006042
0.709288	0.501890	-1.388785
0.655756	0.153828	-1.163841
0.284085	-0.499190	1.074452
0.301259	0.308024	0.783219
0.875411	0.396021	-1.886878
0.335749	0.503458	0.484166
0.302337	0.437375	0.738494
0.753515	0.458807	-1.504241
0.260163	-0.652371	1.165301
0.443942	0.437331	-0.102305
0.583270	0.202585	-0.837947
0.378731	0.501314	0.221779
0.232742	0.147106	1.242627
0.310306	-0.215064	0.963619
0.364911	0.513624	0.313053
0.502142	0.361961	-0.347416
0.310742	0.468067	0.712587
0.229359	0.688113	1.205697
0.452953	0.433374	-0.122040
0.317586	-0.152545	0.924938
0.892404	0.371361	-1.899561
0.843589	0.222803	-1.677180
0.264581	0.523785	0.999177
0.299353	1.365374	0.909168
0.634784	0.584031	-1.064070
0.899417	0.313027	-1.884226
0.583782	0.218614	-0.792709
0.880991	0.296978	-1.808302
0.325059	1.286329	0.522166
0.815567	0.219029	-1.582680
0.751108	0.454085	-1.450860
0.325672	-0.111008	0.907182
0.270938	0.445237	0.996650
0.859906	0.258324	-1.711658
0.276007	0.457275	0.980827
0.852512	0.338741	-1.711188
0.858744	0.302943	-1.715352
0.319977	0.486372	0.738905
0.857400	0.295529	-1.701229
0.461402	0.445989	-0.090014
0.313566	-0.317919	1.038924
0.802221	0.225930	-1.516323
0.283899	-0.623818	1.149491
0.294102	0.473925	0.922997
0.338694	0.091402	0.826377
0.360896	0.986881	0.274670
0.337692	-0.041806	0.883906
0.327041	0.258992	0.824257
0.318429	1.442563	0.839727
0.859362	0.286825	-1.668781
0.335519	0.209165	0.818085
0.317721	1.255972	0.975080
0.174836	0.843297	1.577724
0.662465	0.183707	-1.048976
0.208984	1.023648	1.503329
0.834996	0.337059	-1.597957
0.825575	0.254792	-1.546084
0.397843	0.900550	0.111737
0.552563	0.342488	-0.416095
0.289391	-0.622918	1.188148
0.295800	0.391374	1.001010
0.848054	0.304189	-1.606516
0.279342	-0.571827	1.346839
0.341061	-0.167837	0.963661
0.318955	1.182289	1.058557
0.256718	0.687597	1.255020
0.662188	0.194474	-0.995501
0.619074	0.643046	-0.799847
0.821924	0.348398	-1.521872
0.527969	0.400016	-0.246564
0.342231	0.531540	0.775875
0.275612	0.686788	1.189898
0.327323	0.538107	0.879665
0.394844	0.550333	0.417435
0.283075	-0.032124	1.406993
0.649772	0.211072	-0.898076
0.448172	0.512227	0.125470
0.222257	0.727478	1.456674
0.516631	0.740421	-0.298965
0.568712	0.694749	-0.505702
0.695783	0.542605	-1.085221
0.680721	0.569208	-1.017550
0.422751	0.900556	0.108950
0.318596	1.106792	1.161099
0.610595	0.299256	-0.587183
0.314915	1.095880	1.191724
0.362728	1.444048	0.640764
0.290979	0.043304	1.367870
0.483713	0.494608	0.035028
0.304869	-0.585404	1.295976
0.410985	0.564913	0.441241
0.778485	0.274595	-1.297861
0.314379	0.678027	1.114632
0.391194	1.130138	0.404668
0.559679	0.402974	-0.247027
0.295320	0.124311	1.323579
0.339777	0.335579	0.984388
0.312372	-0.545961	1.381536
0.458288	0.540618	0.219119
0.761756	0.276385	-1.211194
0.342638	1.094535	1.134942
0.602143	0.683312	-0.521086
0.738493	0.270780	-1.121052
0.353945	1.115209	1.087074
0.270640	0.704631	1.384007
0.370840	-0.193228	1.020137
0.649569	0.289915	-0.651291
0.641068	0.307764	-0.589399
0.653606	0.285565	-0.665724
0.343357	1.071751	1.169570
0.494353	0.826194	-0.060516
0.690947	0.253493	-0.871853
0.553260	0.447985	-0.131849
0.245380	0.809680	1.534644
0.312190	0.245003	1.262908
0.380599	1.188044	0.964631
0.355755	-0.451385	1.165645
0.732210	0.522230	-1.030309
0.427663	1.045758	0.326653
0.397995	1.417088	0.613195
0.387160	1.190203	0.955397
0.397228	0.053430	0.922475
0.703521	0.274344	-0.848999
0.540036	0.488765	-0.012223
0.265632	0.773535	1.508916
0.352712	1.039238	1.210458
0.677737	0.643705	-0.716724
0.376996	0.287341	0.985374
0.359348	-0.509492	1.204342
0.389749	0.627166	0.913785
0.394353	0.623515	0.893147
0.458669	0.594055	0.445675
0.400974	0.176072	0.928561
0.406971	0.094400	0.928656
0.348538	-0.543608	1.354205
0.718705	0.302551	-0.840443
0.313344	0.696221	1.360920
0.405693	1.164333	0.959345
0.641935	0.374694	-0.358003
0.641935	0.374694	-0.358003
0.303539	0.961746	1.454414
0.410750	0.110236	0.933993
0.284893	0.775820	1.501682
0.364224	-0.114871	1.639701
0.391141	0.271346	0.999423
0.548447	0.809741	-0.108424
0.346125	0.051404	1.463223
0.376699	1.021514	1.188620
0.709423	0.315126	-0.712643
0.370384	0.682235	1.141517
0.346718	0.091085	1.425274
0.529579	0.546333	0.155431
0.417657	1.166858	0.944226
0.361943	-0.534529	1.365264
0.693485	0.339594	-0.576927
0.483266	0.599931	0.415732
0.404288	0.654430	0.976641
0.761697	0.429558	-0.955723
0.510216	0.577035	0.283302
0.733146	0.345283	-0.792144
0.359419	0.025474	1.522241
0.359419	0.025474	1.522241
0.368414	-0.534787	1.351111
0.355404	0.233849	1.297609
0.406209	-0.244529	1.107511
0.429098	1.203854	0.897418
0.614968	0.452001	-0.140456
0.614968	0.452001	-0.140456
0.751913	0.512315	-0.870783
0.525490	0.570368	0.244038
0.720384	0.608150	-0.712026
0.754709	0.426231	-0.869691
0.627811	0.729094	-0.314320
0.750276	0.407426	-0.839644
0.728563	0.349031	-0.703554
0.443234	1.390034	0.584226
0.738800	0.367850	-0.766842
0.511897	0.591948	0.333876
0.741859	0.377978	-0.780251
0.383331	-0.522124	1.272813
0.685838	0.372435	-0.412038
0.691715	0.631625	-0.541948
0.739064	0.596446	-0.761911
0.570325	0.531344	0.084739
0.570325	0.531344	0.084739
0.318597	0.834009	1.491951
0.739351	0.591438	-0.748114
0.439989	1.443137	0.742882
0.644462	0.720344	-0.336042
0.442641	1.473267	0.696610
0.738493	0.585944	-0.732806
0.442096	1.452179	0.733411
0.737793	0.580018	-0.716239
0.466823	1.248021	0.454035
0.675828	0.665893	-0.432124
0.393404	-0.461273	1.486785
0.492166	1.052314	0.314709
0.381335	0.042477	1.561777
0.725303	0.378700	-0.558103
0.466090	1.323732	0.508138
0.760218	0.494412	-0.775772
0.732770	0.389902	-0.585659
0.385020	0.678506	1.260744
0.414303	0.678957	1.124485
0.579658	0.549004	0.128368
0.426561	0.989552	1.144357
0.444076	-0.114097	1.045782
0.728892	0.570507	-0.582982
0.461010	1.280733	0.813251
0.431800	-0.247087	1.142136
0.409924	-0.429786	1.518558
0.469887	1.396039	0.588056
0.414954	-0.452915	1.257477
0.485292	0.640621	0.732417
0.383111	0.682906	1.327244
0.391870	0.180033	1.390923
0.431884	0.259224	1.088995
0.743335	0.445283	-0.547068
0.720048	0.411606	-0.384522
0.548910	0.612584	0.361126
0.435892	0.258581	1.102771
0.477184	1.303842	0.788332
0.402245	0.176315	1.409474
0.687492	0.700784	-0.319892
0.510319	1.156756	0.390757
0.405929	0.196334	1.385144
0.467828	-0.000447	1.030490
0.565352	0.612124	0.337691
0.438909	-0.350190	1.587177
0.738708	0.564400	-0.457441
0.488735	1.287088	0.788045
0.408201	0.681315	1.324378
0.425764	0.044820	1.697548
0.429423	0.035991	1.712124
0.417151	0.167781	1.443655
0.582782	0.929679	0.109996
0.525546	0.655686	0.667754
0.477873	-0.060022	1.059421
0.477314	0.107548	1.046439
0.735068	0.611401	-0.374116
0.738492	0.477320	-0.311486
0.749471	0.516322	-0.381698
0.480316	0.669154	1.047005
0.502575	0.664669	0.917852
0.550370	0.664685	0.585451
0.589768	0.957283	0.152761
0.436047	0.676205	1.308778
0.474308	-0.239532	1.190781
0.460610	-0.411168	1.537622
0.670664	0.830921	-0.113356
0.476001	-0.247562	1.661009
0.491128	0.149993	1.085027
0.728193	0.514041	-0.159592
0.527174	1.198745	0.808691
0.559211	0.672479	0.653166
0.473966	-0.012433	1.771204
0.732699	0.651141	-0.228147
0.454401	0.201857	1.436114
0.455251	0.177122	1.487668
0.490265	-0.227982	1.676960
0.498345	0.670908	1.119129
0.519536	0.660657	1.005623
0.546738	0.662496	0.839227
0.473823	-0.466376	1.415671
0.540696	1.397570	0.696106
0.671325	0.595768	0.152967
0.541288	1.016437	0.951850
0.548412	1.176119	0.806676
0.467576	0.844203	1.344719
0.483478	0.871839	1.293288
0.527052	0.920743	1.099189
0.740050	0.631514	-0.133122
0.641835	0.647026	0.325056
0.491694	-0.418666	1.337410
0.568537	1.304242	0.473521
0.596218	0.689524	0.597615
0.572187	1.284794	0.450677
0.517897	0.165824	1.133203
0.482459	0.154217	1.767675
0.509613	0.224234	1.189688
0.482400	0.172173	1.675911
0.484155	0.174672	1.657227
0.479426	0.772776	1.363351
0.728582	0.653932	-0.027551
0.506204	0.666085	1.247045
0.700202	0.624124	0.133252
0.491370	0.190827	1.524669
0.488994	0.750270	1.354599
0.493391	0.179829	1.770619
0.536973	-0.081135	1.142031
0.536973	-0.081135	1.142031
0.591189	1.280652	0.441282
0.546412	0.891085	1.124365
0.542083	0.882082	1.149557
0.538807	0.109299	1.134449
0.588751	1.319989	0.494046
0.578344	1.342381	0.699264
0.580657	1.235296	0.747110
0.518836	0.845398	1.268911
0.619673	0.702844	0.612221
0.531686	-0.207174	1.232960
0.573383	0.943799	0.999338
0.733154	0.723037	0.001532
0.731610	0.713533	0.017063
0.720549	0.673354	0.094910
0.530886	0.024008	1.826492
0.549827	-0.038001	1.140288
0.688356	0.925292	0.102192
0.520383	0.683565	1.292344
0.656842	0.699580	0.437587
0.551984	0.091193	1.144668
0.543139	-0.189899	1.231998
0.691908	0.932208	0.119529
0.545356	0.841556	1.228146
0.551203	-0.222142	1.697025
0.671779	0.705799	0.399969
0.526412	0.247645	1.402847
0.717105	0.714856	0.171921
0.522905	0.209130	1.625700
0.698318	0.704560	0.286851
0.620599	0.676590	0.793037
0.699380	0.939546	0.138864
0.688074	0.713016	0.354235
0.732794	0.851628	0.053722
0.299190	0.963811	2.375127
0.680840	0.722781	0.419855
0.527831	0.223393	1.863096
0.614443	1.291518	0.698709
0.616265	1.034126	0.867078
0.550858	0.756538	1.290542
0.566872	0.182525	1.213607
0.312521	1.011418	2.380954
0.723344	0.768110	0.211782
0.589460	0.847170	1.139374
0.577543	-0.080164	1.190604
0.571491	0.033740	1.849313
0.548744	0.225921	1.562177
0.575508	-0.154704	1.241337
0.629919	1.363185	0.627165
0.543625	0.238506	1.901153
0.667510	1.134569	0.362918
0.588845	-0.190818	1.724052
0.638147	1.229309	0.712115
0.566741	-0.410027	1.477279
0.351995	1.157732	2.419973
0.548349	0.264576	1.907318
0.746310	0.858307	0.158106
0.560120	0.219192	1.925740
0.324179	0.788057	2.413769
0.623146	0.655608	1.055893
0.570518	0.240666	1.555875
0.633736	0.867463	1.036725
0.553717	0.290063	1.910351
0.603869	0.104437	1.204077
0.640415	0.871651	1.021913
0.315445	0.857910	2.530873
0.657159	1.339510	0.624679
0.389272	1.258972	2.441680
0.396953	1.264503	2.411540
0.610974	0.693611	1.225159
0.618206	-0.162566	1.746556
0.589526	0.192848	1.941311
0.725312	1.010041	0.304740
0.669675	1.284472	0.663009
0.651449	0.652357	1.026322
0.597878	0.259395	1.474229
0.661678	0.864032	1.007333
0.593571	0.269920	1.665616
0.669243	0.884346	0.971638
0.571452	0.318647	1.969014
0.384770	0.732061	2.303470
0.608634	-0.333525	1.399297
0.338545	0.939382	2.580503
0.578479	0.306695	1.984224
0.688705	1.078581	0.772404
0.711446	0.721947	0.720732
0.627016	-0.321241	1.624088
0.577162	0.335997	1.988468
0.581875	0.356080	1.894847
0.630485	-0.150133	1.297576
0.692281	0.935909	0.892418
0.697872	1.027291	0.802681
0.750606	0.974274	0.350741
0.365951	0.743857	2.507711
0.380712	1.129554	2.577868
0.644895	-0.249474	1.688276
0.401381	1.213369	2.566069
0.753915	0.941118	0.392239
0.373922	1.070241	2.591108
0.756529	0.917006	0.415083
0.743591	1.065737	0.399176
0.711119	1.051754	0.775515
0.417341	1.054480	2.303523
0.410732	0.858345	2.262046
0.607666	0.354130	1.834174
0.430611	1.134430	2.316830
0.457675	1.292452	2.367368
0.635289	0.276666	1.571261
0.602598	0.376690	1.880624
0.650662	-0.148125	1.315687
0.639389	0.276749	1.552943
0.633920	0.295866	1.667898
0.687270	0.756453	1.110876
0.445997	1.310504	2.521647
0.405116	0.690868	2.462042
0.768252	0.910429	0.445585
0.742493	0.723339	0.739322
0.600936	0.401000	1.918735
0.378569	0.804708	2.571469
0.473143	1.314779	2.378146
0.771689	0.929588	0.446370
0.580909	0.440447	2.015155
0.460458	0.675445	2.230739
0.418982	1.192766	2.600843
0.589495	0.435205	1.982559
0.465173	0.647875	2.249094
0.682884	-0.095500	1.798507
0.597807	0.383169	2.061918
0.628146	0.367012	1.824173
0.719840	0.650644	0.973088
0.701007	0.714799	1.109019
0.701007	0.714799	1.109019
0.778433	0.849681	0.507171
0.642062	0.338598	1.757867
0.739250	1.266390	0.597333
0.775117	1.003686	0.445501
0.741309	1.107781	0.718037
0.780399	0.954958	0.455034
0.683396	0.091250	1.917337
0.424336	0.689218	2.480843
0.768393	1.112942	0.454129
0.729543	0.653394	0.985989
0.473728	1.330926	2.530425
0.400539	0.797008	2.576524
0.508589	0.591696	2.221897
0.727121	0.766176	1.052180
0.605656	0.459480	1.972658
0.690478	-0.019137	1.280508
0.739828	0.655071	0.974104
0.742842	0.655755	0.960741
0.731084	0.680637	1.052743
0.691654	-0.079106	1.307871
0.695011	0.200186	1.336092
0.763032	1.078194	0.723155
0.763783	1.182002	0.654295
0.687641	0.289822	1.529259
0.681209	0.316726	1.652517
0.799575	0.819984	0.591473
0.633808	0.445499	1.919771
0.691181	-0.248027	1.406978
0.446864	0.698080	2.501847
0.805687	0.980527	0.480874
0.476968	0.864348	2.240020
0.709599	-0.032696	1.302399
0.793059	0.742792	0.746762
0.707239	0.268862	1.436280
0.552395	0.546481	2.240085
0.438155	1.058111	2.643247
0.680541	0.290649	2.061895
0.785003	0.685617	0.874118
0.551432	0.641570	2.127608
0.520162	0.603121	2.347432
0.569470	0.614464	2.100886
0.728549	0.051811	1.300924
0.742934	-0.098703	1.800106
0.583114	0.518252	2.231832
0.719197	-0.216706	1.409315
0.719652	0.314955	1.592520
0.749856	-0.017193	1.857915
0.617574	0.553575	2.023552
0.604212	0.582789	2.052821
0.717624	0.353117	1.695513
0.812394	1.077227	0.685998
0.750290	0.113524	1.946703
0.649479	0.520689	1.971248
0.801561	0.698943	0.950343
0.740422	-0.157572	1.392201
0.552318	1.369727	2.511792
0.755046	0.054895	1.322711
0.528308	0.898603	2.231605
0.613693	0.617464	2.062450
0.579908	0.694179	2.124700
0.615744	0.511849	2.255946
0.832527	0.917635	0.791994
0.633517	0.598296	2.035762
0.735383	0.398136	1.760868
0.768191	0.255471	1.435905
0.764717	0.199640	2.012281
0.759698	-0.211456	1.429352
0.771559	0.277632	1.471167
0.772899	-0.041589	1.358003
0.775788	-0.018919	1.352029
0.758314	0.376151	1.701881
0.855176	0.936992	0.747645
0.853715	0.767155	0.826739
0.873457	0.971440	0.600859
0.875642	0.951058	0.612388
0.862021	0.889908	0.779261
0.877819	0.891015	0.671256
0.881037	0.941801	0.635831
0.804822	-0.161518	1.742388
0.616172	0.729243	2.116267
0.782403	0.370598	1.670222
0.790558	0.346294	1.609779
0.790309	-0.186173	1.432861
0.527700	0.814771	2.567961
0.809510	0.208903	1.409943
0.614941	1.382367	2.484889
0.593143	1.347775	2.593803
0.564713	1.233041	2.650139
0.557713	0.728646	2.499077
0.557713	0.728646	2.499077
0.645277	0.710541	2.088814
0.628987	1.347527	2.390972
0.807229	-0.261963	1.596006
0.823295	0.234728	1.434393
0.811671	0.358783	1.622316
0.811671	0.358783	1.622316
0.570721	1.204093	2.653936
0.819409	0.350748	1.600843
0.835722	0.158845	1.990592
0.811908	0.400957	1.705355
0.612846	1.005250	2.252123
0.689656	0.678249	2.046490
0.830372	-0.245128	1.598828
0.623498	1.343449	2.604526
0.629592	1.355675	2.586546
0.829674	-0.254208	1.529333
0.659493	1.348592	2.396674
0.589270	0.772229	2.516973
0.630799	1.330577	2.616451
0.859987	0.216933	1.438293
0.843084	-0.234050	1.506983
0.853652	-0.124401	1.437055
0.878625	-0.084244	1.792950
0.617120	0.746261	2.488281
0.752220	0.482850	2.247119
0.671523	0.630848	2.376864
0.798312	0.553733	1.899752
0.760407	0.634184	1.982752
0.831896	0.495583	1.822432
0.641104	0.724750	2.461109
0.902803	0.020570	1.878545
0.889657	0.200346	2.019854
0.893790	0.080761	1.415888
0.909546	-0.045807	1.816382
0.846544	0.508386	1.828664
0.816162	0.429546	2.189844
0.627202	0.998683	2.616557
0.653872	0.769226	2.490603
0.922626	-0.016877	1.836333
0.895982	-0.173702	1.488159
0.927235	-0.033479	1.817118
0.922681	-0.094239	1.751401
0.787267	0.680228	2.003936
0.913523	0.230001	2.033901
0.721501	0.896072	2.174230
0.680343	1.224086	2.626263
0.690936	0.736852	2.452658
0.737651	1.379807	2.468627
0.666849	1.073840	2.621449
0.909016	0.310381	2.085390
0.929600	-0.069230	1.451995
0.712800	0.722023	2.433477
0.749217	0.897754	2.170534
0.701416	1.221742	2.617952
0.698378	1.200548	2.620186
0.746202	0.925204	2.188245
0.962170	0.012796	1.836787
0.962170	0.012796	1.836787
0.806466	0.733498	2.035633
0.938257	-0.167878	1.566355
0.690031	0.866582	2.534653
0.690031	0.866582	2.534653
0.907115	0.371996	2.123844
0.950972	-0.141076	1.634094
0.764132	0.916015	2.180400
0.952502	-0.149805	1.604055
0.797416	0.601144	2.315389
0.955979	-0.151438	1.584099
0.958631	-0.151346	1.569534
0.968099	-0.122845	1.644680
0.716089	0.874427	2.532497
0.840363	0.740812	2.032888
0.728757	1.150650	2.608055
0.838697	0.755546	2.046047
0.722004	0.931586	2.557817
0.991539	0.252555	1.516003
0.781688	1.105004	2.297909
0.987862	-0.108857	1.638975
0.752149	1.174845	2.598940
0.801259	0.971705	2.216626
0.976728	0.489292	1.739569
0.783174	1.286570	2.567461
0.748122	1.049183	2.591763
0.952575	0.577654	1.851884
1.011207	0.055835	1.462675
0.921078	0.662108	1.945189
0.789788	0.764773	2.450786
0.909905	0.524341	2.224208
1.009160	0.298409	2.044550
0.935936	0.492227	2.195358
1.042032	0.119473	1.884323
0.827620	1.095606	2.298087
0.973821	0.432810	2.145653
0.850951	0.675478	2.364176
0.788381	1.080673	2.585021
0.878962	0.630840	2.318662
0.974527	0.627279	1.891238
0.910717	0.584677	2.270194
1.019686	0.523934	1.761556
0.852467	1.202865	2.358747
0.802905	0.967010	2.554093
0.931041	0.573490	2.256487
0.814975	0.891790	2.520932
0.874033	0.974888	2.220380
0.869452	1.312138	2.443842
0.870713	1.314429	2.460767
0.870695	1.079654	2.291955
0.911529	0.637856	2.318341
1.026894	0.580020	1.821314
1.070292	0.058867	1.485430
0.952781	0.573547	2.252083
1.051573	0.521757	1.750107
1.090149	0.143003	1.873253
0.970695	0.750758	2.010722
0.841102	0.940444	2.533694
0.888931	1.117974	2.316011
1.087956	0.266139	1.984503
1.089765	0.074056	1.491090
0.900792	1.278590	2.437109
1.097523	0.008331	1.680375
0.903149	1.280163	2.457747
1.024085	0.501747	2.183364
1.090010	0.486016	1.710336
0.891356	1.229853	2.518674
1.041186	0.663166	1.897667
1.089631	0.358962	2.057250
0.919819	1.259235	2.430627
0.913381	1.252613	2.483299
1.013426	0.564794	2.233681
1.131473	0.166723	1.865985
1.079102	0.438554	2.120691
0.924577	1.227038	2.489294
0.912463	1.146314	2.525996
1.122302	0.495681	1.717469
1.146558	0.187203	1.875531
1.106789	0.414750	2.093036
0.950259	0.771381	2.427233
1.054742	0.760597	1.991146
1.147456	0.093493	1.530987
1.158945	0.103061	1.753058
0.984111	0.728608	2.386563
1.120081	0.630598	1.840697
0.950663	1.114622	2.502484
1.022641	0.670233	2.322794
1.022641	0.670233	2.322794
1.164722	0.080955	1.582069
1.167566	0.079971	1.597284
1.172169	0.081952	1.663185
1.177638	0.255615	1.534366
1.183745	0.153908	1.796974
1.004575	1.141023	2.342780
1.003216	1.164468	2.378399
1.064109	0.871617	2.107509
1.030760	0.720963	2.364625
1.173114	0.541828	1.755721
1.099399	0.587778	2.228275
1.016307	1.152295	2.370737
1.030494	1.075151	2.294741
1.197699	0.133864	1.565080
1.202115	0.379098	1.607720
1.107724	0.829751	2.048431
1.057426	0.730351	2.360861
1.148964	0.532547	2.163184
1.030967	0.841152	2.443304
1.047255	0.790660	2.406571
1.031555	1.090852	2.436631
1.224595	0.213979	1.542885
1.214147	0.528337	1.740721
1.111201	0.671424	2.293521
1.232508	0.408191	1.619537
1.054285	1.077081	2.417959
1.205173	0.468325	2.086770
1.057008	0.978439	2.445078
1.241418	0.458142	1.663955
1.094460	1.061003	2.302605
1.072141	0.963072	2.433758
1.202469	0.732785	1.930946
1.112893	0.776466	2.364269
1.178004	0.623845	2.220087
1.215158	0.540439	2.133633
1.191949	0.617210	2.205988
1.112400	0.861268	2.396996
1.237767	0.502400	2.093428
1.112574	0.960674	2.399080
1.281371	0.402051	1.602877
1.223168	0.787636	1.982300
1.128344	0.992381	2.375245
1.245243	0.726780	1.926196
1.189425	0.712882	2.277427
1.297210	0.279282	1.589607
1.298741	0.270634	1.599233
1.248517	0.573130	2.135316
1.295571	0.508923	1.708490
1.305696	0.390248	1.598630
1.196229	0.937680	2.202806
1.309173	0.436097	1.631982
1.312236	0.252062	1.669020
1.178017	0.954748	2.335539
1.295218	0.653642	1.862986
1.196601	0.885679	2.330517
1.330019	0.275685	1.682962
1.333380	0.283038	1.672243
1.216940	0.938265	2.280621
1.268134	0.688604	2.191515
1.228688	0.906249	2.287494
1.349603	0.427133	1.641632
1.270448	0.750182	2.222189
1.343796	0.599417	1.815422
1.315811	0.779211	1.989344
1.287487	0.764409	2.209043
1.327216	0.641988	2.108483
1.367194	0.566117	1.788577
1.369902	0.586473	1.810076
1.369091	0.501463	1.985673
1.330562	0.842427	2.089032
1.373032	0.661835	1.892675
1.397071	0.411203	1.811574
1.332992	0.851222	2.151228
1.332992	0.851222	2.151228
1.356992	0.792727	2.045742
1.406501	0.425692	1.754551
1.380393	0.622711	2.042267
1.374873	0.749302	2.006952
1.408905	0.462591	1.852941
1.366329	0.785545	2.092231
1.402888	0.551538	1.962058
1.403393	0.587738	1.980713
1.413685	0.609847	1.899952
