-0.131090 -0.493577 -0.444093
-0.579973 -0.296998 -0.244994
-0.669129 0.106912 0.224121
-0.058166 -0.281950 0.240004
0.055999 -0.504831 0.425156
-0.622112 -0.487621 -0.624853
-0.677452 -0.542953 0.235152
0.205998 0.409729 -0.010060
0.255531 0.146078 -0.671155
-0.683756 0.065175 -0.021239
-0.287706 0.631302 -0.460174
-0.422357 0.509402 0.420003
-0.807144 -0.572186 0.142600
-0.382486 0.163254 0.374771
0.171541 0.460519 -0.221084
-0.628432 -0.463757 -0.175248
0.435043 0.539511 -0.098224
-0.358412 0.361020 -0.372534
-0.320217 -0.479822 0.234106
0.648263 0.362471 -0.301125
-0.467058 -0.602069 0.326730
-0.696690 0.072188 -0.195756
-0.295044 -0.616286 0.166780
-0.741511 -0.560787 -0.204776
-0.392859 1.018433 -0.752202
-0.148345 0.642268 -0.203418
0.548416 -0.712884 0.388557
0.181880 0.233340 0.227555
-0.739662 -0.577363 -0.149146
0.123922 -0.146746 -0.878445
0.798514 0.423023 0.099340
0.179181 -0.377156 0.530944
-0.784450 -0.040587 0.008453
0.285768 -0.511302 -0.468776
-0.708392 -0.507371 0.112628
0.085504 0.850633 -0.193769
-0.299593 -0.455730 -0.887593
-0.508083 -0.061743 0.258367
-0.583156 -0.429350 -0.150866
-0.689970 -0.145073 -0.498436
0.115467 0.473248 -0.248000
0.861544 -0.319615 0.400578
-0.267628 -0.353247 -0.842739
0.509198 -0.598843 -0.460013
-0.769563 -0.154361 0.071772
-0.670496 -0.606383 0.047120
-0.486220 -0.228949 0.224906
-0.049657 0.407876 -0.253994
0.150381 1.143726 -0.367832
0.691600 -0.731484 0.073486
1.193897 -0.230066 -0.082238
-0.496379 0.324105 0.566960
0.008022 -0.513836 -0.471640
-0.532232 0.270706 0.530462
-0.117439 -0.168065 -0.804433
-0.705767 -0.345244 -0.551776
0.385923 0.425204 -0.385557
-0.303262 -0.169355 -0.660863
0.496314 -0.470525 0.526388
-0.294592 0.747192 -0.156531
-0.443252 0.680254 -0.052023
0.724712 -0.725724 0.158006
-0.336407 -0.040415 0.325576
-0.710338 -0.465534 -0.252714
0.602212 0.515254 -0.228965
-0.012826 -0.173065 -0.771307
-0.739303 -0.521585 0.157810
0.993231 -0.140908 0.311776
0.067052 0.866780 -0.221761
-0.408428 0.151580 0.410918
-0.123674 0.504954 -0.210519
0.416536 -0.679099 -0.059637
0.073245 1.215292 -0.370964
-0.610597 0.460527 0.350310
0.363179 0.327957 0.241576
0.345524 -0.538046 -0.460864
-0.640723 -0.325204 -0.029730
-0.395378 0.053810 0.286352
-0.225654 -0.555824 -0.273981
-0.685224 -0.478610 -0.344838
-0.537302 -0.591600 0.292573
0.766638 0.112943 0.384901
-0.607854 -0.337050 -0.597946
-0.774110 -0.204270 0.079596
0.438680 0.341191 -0.395271
-0.491181 0.618748 0.303525
0.071016 -0.512539 -0.640163
-0.206970 -0.705538 0.350111
0.072035 1.174910 -0.239814
0.057599 0.014968 0.362069
-0.339644 -0.673249 0.331938
-0.470790 0.949902 -0.573020
0.182830 1.088018 -0.373828
-0.326107 -0.673254 0.250761
0.461215 0.513565 0.000549
-0.387829 -0.442542 -0.845110
0.804192 0.011243 -0.428450
-0.787426 -0.535302 -0.228266
-0.698840 -0.567112 -0.240697
0.724279 -0.623939 0.325398
-0.353385 -0.067573 -0.687909
-0.572194 -0.453851 -0.042589
-0.756104 -0.330123 -0.474323
-0.204355 -0.344163 -0.792970
0.392621 -0.530430 -0.477821
0.905958 0.165681 0.273924
0.006510 1.045966 -0.219479
-0.564699 -0.632009 0.123815
0.009823 0.447365 -0.222525
0.038664 1.149229 -0.262667
-0.067147 0.349192 0.121695
0.105487 -0.631079 0.021418
-0.373597 0.127617 -0.647917
-0.804271 -0.071431 -0.238788
-0.769165 -0.573495 0.086056
0.104557 1.081963 -0.325110
0.513065 -0.628512 0.479745
0.964176 -0.491195 -0.303750
0.173852 -0.268846 0.531001
-0.511635 0.298790 0.527234
-0.073371 -0.513421 -0.358497
-0.554815 0.564903 -0.054059
0.729197 0.227054 -0.381845
0.420199 -0.742989 0.333002
-0.680053 0.142696 0.018275
-0.804164 -0.173066 -0.020873
-0.566322 0.293326 0.494864
-0.697386 -0.588471 -0.066159
-0.462619 -0.473677 -0.326832
-0.488426 0.267983 0.514352
-0.677282 0.057680 -0.324149
0.787277 0.311815 0.224521
-0.608966 -0.100090 0.216669
-0.602197 0.171822 0.488893
0.142130 -0.673296 0.462533
-0.531728 0.649966 0.054599
0.103713 1.174927 -0.332672
0.859720 0.334343 0.185574
0.386500 0.104488 0.365897
-0.033947 -0.493209 -0.454186
-0.345501 0.027766 -0.658978
-0.267253 0.328261 0.294913
-0.350632 0.584385 0.364433
0.031068 -0.497311 -0.560617
-0.452003 0.053703 0.269950
0.776506 0.260423 -0.261070
-0.628366 -0.199439 -0.586322
0.986380 -0.359525 0.324410
-0.447639 -0.524858 -0.232012
-0.498050 0.118102 0.361240
-0.080791 1.066222 -0.272906
-0.481992 -0.322288 -0.611865
-0.425595 -0.558106 -0.202162
-0.542641 0.066951 0.236908
-0.710452 -0.545921 0.155044
-0.317011 -0.636895 0.280282
-0.354324 -0.161832 0.299456
-0.648165 -0.246318 -0.449028
1.256037 -0.449096 -0.145090
-0.851382 -0.464981 -0.432517
-0.647326 0.084523 0.131829
0.992768 -0.684673 -0.027713
-0.556571 0.406433 0.452389
-0.760091 -0.623743 0.187873
-0.689134 0.203096 0.167350
0.041060 0.197972 -0.660982
0.000055 0.791243 -0.123516
0.683613 0.126270 0.355749
1.032120 -0.450309 -0.307673
-0.780620 -0.434006 -0.364668
-0.614524 0.566727 0.162889
-0.407463 0.019742 -0.657021
-0.202068 0.750572 -0.080756
0.070213 0.414599 -0.075253
-0.413519 -0.417262 -0.743938
-0.495297 -0.365243 0.038716
1.097877 -0.330178 0.076838
1.115565 -0.243230 0.159878
-0.463501 0.699620 -0.012870
0.276201 -0.697879 0.307016
-0.664020 -0.244535 -0.049833
-0.799706 -0.442008 -0.519626
-0.219973 0.511345 -0.308727
-0.740783 -0.353995 -0.378723
-0.165509 -0.305051 0.211032
1.089088 -0.333048 0.197126
0.394874 -0.693003 0.485893
0.885726 -0.595970 -0.267697
-0.703787 0.219051 -0.027006
0.976844 -0.675971 0.067563
-0.518851 0.508776 0.409341
-0.228299 -0.510428 -0.406839
-0.747031 -0.427690 -0.334507
-0.582726 -0.421953 -0.037154
-0.159023 -0.449487 0.241352
0.134892 0.384783 -0.309155
-0.730139 0.039851 0.024912
-0.619050 -0.535213 0.260160
0.020323 0.243555 0.174479
-0.124354 -0.610228 0.103030
-0.126892 0.405703 0.136806
-0.293145 -0.242888 0.244234
0.473763 0.502142 -0.269552
-0.643981 0.147811 -0.240361
-0.333972 0.064145 0.276821
1.008424 -0.604379 0.246063
-0.605368 0.505988 0.088547
-0.390060 -0.632815 0.081912
-0.432760 -0.423084 -0.661174
-0.143305 0.256774 -0.589518
0.141573 -0.750359 0.433645
0.217904 -0.510971 -0.360038
-0.045330 0.919615 -0.266417
1.156992 -0.457270 -0.220256
-0.776307 -0.245518 0.022281
0.093661 0.265412 0.139228
-0.535372 0.648251 0.125529
0.454028 -0.014076 -0.661072
-0.209007 -0.628351 0.093960
-0.113893 -0.459566 -0.893004
-0.058137 0.799218 -0.221461
-0.468067 -0.411217 -0.340250
0.010717 1.096150 -0.178619
-0.201772 0.626487 0.200508
0.370769 0.375577 0.162882
-0.216214 -0.571832 -0.142634
-0.275012 0.288127 0.280276
-0.744031 -0.390328 -0.580319
-0.237461 0.123154 0.282532
-0.222141 0.743656 -0.195191
-0.137127 -0.574808 0.371110
0.131447 0.920593 -0.243311
0.773127 -0.610550 -0.283801
0.080008 -0.490486 -0.438612
-0.783419 -0.344040 -0.287704
0.084172 0.433906 -0.113316
-0.125155 0.697111 0.171423
-0.586787 -0.095235 -0.674469
-0.522627 0.459466 -0.156044
-0.029864 1.063305 -0.293794
-0.169629 -0.055719 -0.742408
-0.781958 -0.367669 -0.309384
0.010188 1.008548 -0.315425
-0.524397 -0.453917 -0.252866
-0.519905 0.630458 0.259648
-0.327027 -0.263744 -0.617123
-0.671202 -0.572774 0.081525
0.450584 -0.621817 -0.257215
1.033530 0.156381 -0.060132
0.472136 0.039360 -0.612708
-0.068359 0.232561 0.152524
0.343027 0.153629 -0.659281
0.976818 0.216611 -0.009833
-0.432229 0.816074 -0.328858
-0.354408 -0.176555 -0.644157
-0.726096 0.191877 0.241925
0.703292 0.500022 0.081331
-0.034763 -0.144849 0.355431
-0.321814 -0.606300 -0.079870
-0.529965 -0.325512 -0.523380
-0.281533 0.640803 0.307219
-0.482932 1.042294 -0.697940
1.127273 -0.568969 0.238890
-0.369739 0.307333 0.469023
0.134543 1.228604 -0.447317
0.045815 0.236354 0.153054
-0.147319 0.091498 0.255879
-0.316507 -0.644036 0.124959
-0.665908 -0.354074 -0.532436
0.074845 1.284409 -0.343377
-0.043179 -0.470357 -0.842346
-0.460008 -0.280708 -0.599498
-0.341634 -0.302253 -0.646619
1.101234 -0.646998 0.153755
1.229771 -0.608380 0.063303
-0.390307 0.755067 -0.335196
-0.739455 -0.241728 -0.120425
-0.468772 1.270827 -0.903775
0.673485 0.250639 0.296186
-0.161126 0.227213 0.210349
-0.426222 -0.486269 0.239958
-0.632482 0.104250 0.380305
0.351200 0.456311 0.012212
0.429817 -0.727664 0.412823
-0.792642 -0.393946 -0.390232
-0.621973 0.049589 0.212351
-0.553491 0.425246 0.429769
-0.570113 0.541919 0.299688
0.803572 -0.511760 0.344259
-0.508597 0.123042 0.439309
-0.422340 1.008507 -0.565928
1.082738 -0.496277 -0.135098
-0.821539 -0.537891 -0.095251
-0.745958 -0.406584 -0.548268
0.345724 0.483991 -0.309368
-0.357901 0.259963 -0.554729
0.810498 -0.743110 -0.037349
0.983125 -0.538688 0.268186
-0.115432 -0.573586 -0.120518
0.892733 -0.585554 0.188674
-0.186541 0.499520 -0.316976
-0.499522 -0.297469 -0.002019
-0.429453 -0.395229 -0.758240
-0.747644 -0.513473 -0.559203
-0.660174 -0.469654 -0.054159
-0.132999 0.347015 0.186940
-0.116390 -0.668001 0.410794
-0.067659 0.785214 -0.138332
0.728000 -0.280308 -0.563921
0.017751 0.828188 -0.217342
0.031945 1.209574 -0.256146
1.309115 -0.353155 0.046895
-0.804475 -0.384998 -0.391730
0.295903 0.185353 -0.587177
0.719702 -0.409161 0.442506
-0.520161 1.190078 -0.878390
1.087581 -0.521916 -0.270476
-0.572691 -0.473843 -0.141281
0.888291 -0.513745 0.320508
0.093348 -0.265076 0.474367
-0.607179 -0.583524 -0.056596
1.060604 0.024203 -0.011716
0.466134 -0.482171 0.553997
-0.417995 -0.561408 -0.119242
-0.445394 -0.632630 0.331677
-0.789396 -0.042556 -0.068504
0.629919 -0.246012 0.566520
0.352985 -0.483531 -0.691755
0.019927 1.179356 -0.294309
-0.771721 -0.177565 -0.233050
0.476559 0.268288 0.230865
-0.416776 1.040640 -0.634826
-0.500664 0.082616 0.286579
-0.312176 -0.647581 -0.010813
0.315937 -0.617918 -0.160186
0.862177 -0.690653 0.221698
0.042659 0.286067 -0.471404
-0.734339 -0.545389 -0.235122
-0.318196 0.516364 -0.275991
-0.557601 -0.507240 -0.468939
-0.646554 -0.125514 -0.606387
-0.632793 -0.581828 0.179058
0.030639 -0.110472 0.363529
-0.518351 -0.354210 -0.034615
-0.501842 -0.382551 -0.129051
0.176595 1.033639 -0.252151
-0.467269 0.695119 0.168949
0.451752 -0.564191 0.535301
-0.164578 -0.689470 0.391149
-0.666008 0.319372 -0.058397
-0.441500 0.457344 0.464542
0.251838 0.167808 0.288113
-0.409643 0.658020 0.271708
0.048524 -0.637546 0.154164
-0.156321 -0.491715 -0.708881
-0.274305 -0.340940 -0.703638
-0.729992 -0.641438 0.153249
0.105112 -0.161416 0.528248
-0.112869 0.177446 0.208568
0.369843 -0.439145 0.572017
-0.448168 -0.408967 -0.458380
0.881072 -0.360784 -0.423793
-0.546924 0.642541 0.024757
-0.803861 -0.171225 -0.372122
0.453694 0.555917 -0.190738
-0.412361 0.972349 -0.816192
-0.172818 0.833931 -0.137457
-0.577378 -0.403514 -0.560609
-0.203233 0.965641 -0.281367
0.293230 -0.400333 -0.717115
-0.673980 -0.131640 -0.542193
-0.357903 0.246161 0.454870
-0.353143 0.909287 -0.385490
0.963056 -0.372905 0.289740
0.453392 0.101316 0.396206
0.645607 -0.729961 0.338095
-0.705824 0.181477 0.319258
-0.802692 -0.348570 -0.305280
0.877888 -0.673534 0.221482
-0.461145 0.437096 0.472232
-0.630280 -0.612160 -0.286748
0.599324 -0.608996 0.495013
0.779232 0.447798 -0.172467
-0.612516 0.086034 -0.392502
1.198407 -0.574766 0.024730
-0.344196 0.148113 0.321018
-0.305287 0.725721 -0.467196
0.181808 -0.600308 0.497632
-0.113826 -0.473852 -0.726519
0.003961 -0.523912 -0.668996
0.717919 0.037589 -0.469088
0.283230 -0.601705 -0.160030
0.312419 0.498449 -0.080179
0.169203 0.433302 0.005573
-0.415645 -0.537238 -0.550683
-0.395396 0.176449 0.312585
-0.547974 -0.098476 -0.622394
-0.474935 0.428918 0.482822
0.929512 -0.638334 0.179503
-0.236424 0.984448 -0.294840
-0.389985 0.592144 0.346378
-0.538718 0.306795 0.519640
0.714955 -0.533967 -0.433163
-0.629385 -0.021935 0.187546
0.382581 0.492839 -0.083727
0.060691 0.233982 0.196298
-0.666786 0.034724 0.119211
-0.798558 -0.107981 -0.212826
0.153307 0.089065 0.295990
0.782522 -0.729781 0.103855
0.647649 0.251349 -0.406411
0.739651 -0.709263 0.102213
-0.228527 -0.339420 -0.830074
-0.230588 0.596399 -0.302799
-0.588892 -0.434357 -0.063156
-0.236950 -0.691191 0.285104
0.052779 0.840444 -0.157959
-0.661062 0.283247 0.194358
0.782549 -0.593518 -0.281242
0.650816 -0.150553 0.533860
-0.160344 -0.280255 -0.757574
0.058535 0.360474 0.043063
-0.055646 -0.526718 -0.291571
-0.142130 0.295838 -0.515883
0.692623 -0.669823 0.325422
-0.791833 -0.576866 0.104150
0.340025 -0.671344 -0.025594
-0.230404 0.630811 0.238588
-0.610198 -0.454280 -0.063665
-0.622605 0.161800 -0.209837
-0.238150 0.721598 -0.121971
0.896867 -0.050431 -0.352299
-0.032746 0.790971 -0.114094
-0.721768 0.065333 -0.015022
1.039982 -0.003084 -0.134684
-0.308407 -0.087458 0.278970
-0.667643 0.117630 -0.015194
-0.463256 0.669264 0.089737
-0.360904 0.076710 0.308041
-0.553292 -0.005078 0.269764
-0.221424 -0.420303 -0.915275
-0.114050 0.514922 -0.269069
0.848836 0.287475 0.233305
0.811263 0.363127 0.153720
-0.662834 0.365209 0.165261
-0.295408 -0.430448 -0.890829
0.368359 -0.472294 0.540157
0.891945 -0.663285 0.125675
-0.796400 -0.417258 -0.442293
-0.634446 -0.116502 0.274550
-0.068479 0.795215 -0.067075
-0.458061 1.113041 -0.680690
1.133375 -0.423459 -0.234327
-0.753620 -0.476006 -0.377802
0.798461 -0.586028 0.292974
0.824378 -0.580349 -0.279926
-0.728422 -0.576226 0.248176
0.068001 1.006284 -0.314055
0.185684 0.265042 0.189207
0.533877 0.294767 -0.394831
-0.806567 -0.020623 -0.338770
-0.153747 -0.403770 -0.885650
0.283833 0.064513 -0.721203
-0.362393 -0.528953 -0.497178
0.306350 -0.557299 -0.381791
-0.727742 -0.246357 0.014795
0.018707 0.942179 -0.222504
0.110780 1.124616 -0.292574
-0.781961 -0.236423 -0.124882
0.386893 0.010422 0.504627
-0.633018 0.369835 0.010223
-0.173295 0.573131 0.231408
-0.000131 1.155633 -0.337457
-0.672472 0.113458 -0.373701
0.601749 0.485504 0.134691
-0.338232 -0.617803 -0.184462
0.364559 -0.113847 -0.742574
-0.212500 0.274783 0.250308
-0.585012 -0.288426 -0.447069
0.297240 -0.571452 -0.633148
0.837137 -0.453855 0.372070
0.283724 -0.508273 -0.557396
1.053077 -0.346573 0.201019
0.202410 -0.487410 -0.723316
-0.495566 -0.517165 0.249108
0.989902 -0.072057 -0.242532
0.206468 -0.134652 -0.815472
1.008716 -0.538499 -0.281863
-0.704756 -0.471211 -0.278872
0.193962 -0.722442 0.459689
-0.553703 0.220393 -0.378686
0.120061 -0.687474 0.320699
-0.376439 0.689962 0.101351
-0.334720 -0.588029 -0.299360
0.368314 -0.545840 -0.488139
-0.655261 -0.391973 -0.471544
0.947223 -0.387429 0.331680
0.848513 -0.239825 0.404593
0.965829 -0.138223 0.286345
-0.316705 -0.036415 -0.686095
-0.801553 -0.567320 -0.337878
-0.498886 -0.439313 -0.690922
-0.437400 0.995569 -0.538499
0.962956 0.025749 0.268607
1.011526 0.176367 0.139248
-0.676189 -0.298677 -0.182355
-0.241026 -0.344014 -0.781829
-0.471958 -0.356442 0.153711
0.679123 -0.557823 -0.495712
0.025331 0.435997 -0.060561
0.535140 -0.518662 0.467581
-0.152047 -0.489653 -0.916442
-0.567490 -0.348744 0.125237
0.980844 -0.433844 -0.092749
-0.465092 -0.324262 0.101053
0.062328 -0.582083 0.413738
0.622819 0.412535 0.196500
0.788842 -0.714643 0.166873
0.741426 -0.743378 0.053913
0.918312 -0.339091 0.335404
-0.646430 0.197356 0.011720
0.961622 0.297255 -0.056057
-0.412726 -0.464004 -0.738715
0.953943 -0.267679 0.326334
-0.553812 0.181532 -0.417176
0.157041 1.021143 -0.320363
-0.424144 0.214000 0.485247
-0.046804 0.289956 0.145173
0.407672 0.097371 0.394194
-0.458616 1.076884 -0.813803
-0.754851 -0.584459 0.215664
-0.269431 -0.576977 0.370733
-0.617750 -0.225946 0.066832
-0.729652 -0.096097 0.117190
-0.141054 -0.601410 0.383583
-0.873876 -0.528406 -0.358824
0.084809 0.443433 -0.312595
-0.277089 -0.654240 0.332338
-0.245630 0.915252 -0.317159
-0.022562 0.244341 -0.563700
-0.460587 0.437598 -0.271709
0.242256 -0.263666 -0.788068
0.394769 -0.566371 -0.570056
0.049094 -0.203315 0.456330
-0.255915 -0.474293 -0.889779
-0.431388 -0.637334 0.312706
0.041453 0.173650 0.232106
-0.056716 0.051896 0.261574
-0.265628 0.249811 -0.557138
-0.529321 0.190034 0.437470
0.976978 -0.554333 0.243425
-0.454527 0.826256 -0.539083
0.544378 0.538432 -0.105615
0.130887 1.083841 -0.363461
-0.608613 -0.467737 -0.162338
-0.763789 -0.146720 0.048009
-0.732293 -0.490284 -0.094884
-0.056196 -0.048477 0.316497
0.329683 -0.049566 0.527711
-0.061058 0.764509 -0.104514
-0.115107 -0.612001 0.041126
-0.277750 0.278542 -0.397600
1.075825 -0.243690 0.057509
-0.092387 0.452408 -0.168294
-0.301647 -0.351330 0.196273
0.391799 -0.232418 0.553309
-0.079669 -0.453314 0.266467
-0.038783 1.046869 -0.183386
0.600243 0.562567 -0.086889
-0.078236 0.315585 0.130811
0.376662 0.400954 0.149646
-0.531218 -0.191800 -0.585624
-0.667575 -0.513305 0.182890
-0.256689 0.616271 -0.245378
0.152105 -0.081954 -0.841074
1.084334 -0.190611 -0.008544
0.475478 -0.614201 -0.400687
0.235468 -0.604387 0.080840
-0.801679 -0.551111 -0.430527
0.018854 0.110575 -0.715488
-0.329035 0.507769 0.365650
-0.648956 0.192654 -0.126937
1.281271 -0.405174 0.120321
0.815903 0.008297 0.414444
1.039715 -0.026757 0.219297
0.774572 0.197738 0.334382
-0.597821 -0.536445 -0.333296
-0.615381 -0.269227 0.065739
-0.776142 -0.563095 0.058182
0.184675 0.457072 -0.226462
-0.245611 0.686519 -0.358514
-0.567250 0.574620 0.276957
0.819177 -0.117452 0.431915
1.120515 -0.521356 0.098852
-0.386833 0.693523 -0.174363
0.653700 -0.619488 -0.427054
-0.612066 -0.640755 0.227772
1.025651 -0.137194 -0.236967
-0.672167 -0.493796 -0.259158
-0.322698 -0.576014 0.285312
-0.653522 0.187090 0.473408
-0.670625 -0.505865 -0.117155
0.818757 -0.596577 0.293732
0.842103 -0.289339 -0.422318
0.738899 -0.663801 0.268635
0.661237 -0.727060 0.258638
0.446396 -0.693030 0.068115
0.163712 1.323478 -0.386917
-0.064369 -0.696717 0.396998
-0.188949 0.457354 -0.327848
-0.382980 -0.401915 -0.837045
0.006112 -0.570022 -0.192169
-0.762439 -0.072750 -0.482465
1.094959 -0.602107 -0.154783
-0.412851 -0.648813 0.299769
0.246371 0.247930 -0.527453
-0.209325 -0.259074 -0.598246
0.090750 0.257513 -0.534004
-0.180425 -0.389037 0.201278
0.913768 0.295373 -0.140009
0.818882 -0.457897 0.344568
0.510121 -0.705643 0.093087
0.701660 -0.741203 0.281425
0.756237 -0.555038 0.362984
-0.080107 -0.691650 0.470610
-0.173193 0.042943 0.245929
0.682039 0.041827 0.446176
0.884110 -0.166129 -0.410457
-0.742119 -0.513979 -0.431876
-0.398382 0.228689 0.484336
0.163731 0.015109 -0.797343
1.081734 -0.300240 -0.228822
1.198282 -0.529217 0.131770
-0.673516 -0.407769 -0.425278
0.961774 -0.479166 0.276094
1.194202 -0.511240 -0.172511
-0.345733 0.548893 0.403869
0.807813 0.251063 -0.354579
0.494146 -0.077812 -0.681067
-0.168458 -0.550320 -0.241802
0.039481 0.842522 -0.206327
0.788197 -0.692321 -0.150208
0.080383 -0.570124 -0.032614
-0.372174 -0.507168 -0.379833
-0.595104 -0.011723 0.247939
0.299875 0.509414 -0.130147
0.012346 0.398658 -0.055097
0.655683 -0.682752 0.374979
-0.920705 -0.515196 -0.535735
0.359618 0.279211 0.259008
0.711254 -0.252151 0.498611
-0.027657 0.139789 0.250379
0.796776 0.171302 0.299323
-0.301488 0.427532 -0.354658
0.083295 0.002662 -0.781804
0.780673 0.480300 0.028124
-0.104683 -0.592773 0.458237
0.051532 -0.713186 0.412136
-0.663128 -0.146910 0.203337
-0.543327 -0.297290 -0.469865
0.757726 -0.678188 0.264222
-0.523904 -0.448050 -0.156039
-0.212703 -0.694898 0.331279
0.506574 -0.632921 0.446521
-0.599171 0.445995 0.361500
0.015063 0.186263 -0.642195
-0.379859 0.692610 0.170864
-0.195346 0.160222 0.219493
0.267095 -0.146569 -0.765010
-0.423054 -0.093327 0.318530
-0.671922 0.109512 -0.163427
-0.290661 0.530987 -0.346185
0.276657 -0.507334 -0.436020
-0.141503 -0.461974 -0.579521
0.065232 -0.386074 -0.782756
-0.788953 -0.091993 -0.241302
-0.593521 0.536493 0.306215
-0.629948 0.165763 -0.252091
-0.535961 0.102591 0.324172
-0.524444 -0.172438 0.277664
-0.242429 0.463566 0.276838
0.689752 -0.585119 0.421810
0.749585 -0.720845 0.294146
0.677138 -0.266592 0.517560
1.200153 -0.335334 0.169816
0.416299 0.540138 -0.230727
0.645527 -0.053905 0.503266
0.582538 0.019709 0.463444
0.101575 -0.215304 -0.848217
0.562690 0.069611 0.402530
-0.732236 0.205824 0.125616
-0.500122 0.040923 -0.631804
0.542961 0.161633 0.335717
0.413842 -0.068140 0.569351
-0.459137 0.094135 0.290739
-0.211391 0.268619 -0.568399
0.889655 -0.172308 0.363200
-0.508235 1.238006 -0.821089
-0.273333 -0.464922 -0.847092
0.038736 -0.234855 0.430478
0.412328 -0.526197 0.514336
-0.281079 -0.424525 0.204245
-0.009473 1.049821 -0.170128
-0.355553 -0.150209 -0.687526
0.623324 -0.525310 -0.586272
0.904600 -0.428258 -0.265648
-0.616963 -0.570849 -0.395316
-0.604015 0.134804 -0.481957
-0.463881 -0.387648 -0.012990
-0.675846 -0.580149 0.321309
-0.394869 -0.437500 -0.755053
-0.423172 -0.268775 0.240897
-0.118747 0.696008 0.095442
-0.785120 -0.553442 -0.034158
-0.219268 0.739413 -0.010170
-0.714889 -0.550619 -0.358913
-0.732720 -0.472756 -0.659132
-0.681845 -0.430239 -0.461008
0.654280 -0.532098 0.452581
-0.474918 -0.390103 -0.628075
-0.141993 -0.282723 -0.755032
0.640330 -0.742952 0.399346
0.684698 -0.699385 0.352513
-0.104474 0.851010 -0.213555
-0.226988 -0.665104 0.433175
0.480332 0.081762 0.412830
-0.412052 0.298694 -0.370510
0.113617 1.253664 -0.434843
1.253367 -0.566333 0.034594
0.172664 -0.592845 -0.155457
-0.770976 -0.100009 -0.437526
1.079424 -0.676454 0.070646
0.244593 -0.622585 -0.019395
0.187612 -0.576792 -0.266792
-0.591513 -0.563357 0.324553
-0.462303 -0.365895 0.006727
0.700068 -0.160371 0.511180
0.902291 -0.709132 -0.072197
-0.624425 -0.507580 -0.368738
0.765518 0.461025 -0.148435
-0.581589 -0.299224 -0.566025
0.259261 -0.508260 -0.545942
-0.190552 0.695040 0.126938
0.462009 -0.775293 0.419703
-0.103219 0.446870 -0.215922
-0.690166 0.222434 0.446539
-0.277021 -0.370622 -0.836707
-0.449284 0.267773 0.522414
0.691894 -0.696488 -0.025950
-0.242845 -0.009353 0.300039
-0.035924 0.939392 -0.142799
0.123216 -0.708578 0.464817
-0.588089 0.232957 -0.279290
-0.125861 -0.646172 0.247601
-0.774361 -0.507851 -0.243580
0.521587 -0.047178 0.522786
0.166673 -0.332071 -0.785205
-0.367736 -0.651160 0.231570
0.585700 -0.754625 0.374373
0.693229 0.499514 -0.014116
0.376601 0.506000 -0.132673
-0.270443 -0.645692 -0.041791
-0.320383 0.845355 -0.485889
-0.598328 0.084922 0.227557
-0.789791 -0.062719 0.018303
-0.739146 -0.261248 -0.130399
-0.168108 -0.594292 0.005133
1.093294 -0.188451 0.142664
-0.542228 0.538939 0.354916
-0.210292 0.498738 -0.318126
-0.472971 -0.055838 -0.661757
0.643140 -0.051149 -0.560927
0.836878 -0.689128 0.177074
-0.526611 0.071521 -0.627385
-0.019439 -0.092091 -0.843896
-0.072261 0.056462 0.273587
1.130178 -0.059167 0.026007
-0.795566 -0.154512 -0.029256
-0.251959 0.684932 -0.322293
0.243498 0.477803 -0.127237
0.914846 0.272116 0.140324
0.489871 -0.189671 0.556824
1.056196 -0.477183 0.269873
1.128016 -0.641994 0.050750
-0.672741 -0.467341 -0.508985
-0.160747 0.673549 0.100109
-0.437047 0.463914 0.473213
-0.202690 -0.630079 0.369419
-0.598308 -0.096074 0.293125
0.065125 -0.554205 -0.257130
-0.497295 0.643976 -0.052093
-0.554718 0.502176 -0.125926
1.090082 -0.231899 -0.024091
0.158510 -0.680711 0.259207
0.771921 0.096341 -0.381425
-0.472581 -0.019185 0.281647
-0.511830 -0.502486 -0.608134
-0.675007 -0.410144 -0.397960
0.092690 -0.663273 0.257358
0.550780 -0.729602 0.408387
1.123518 -0.637385 0.086193
0.651017 -0.485553 0.499522
0.518998 -0.001351 0.506475
-0.558447 -0.417620 0.101434
0.367185 -0.598154 0.504734
-0.339507 -0.485057 -0.722085
-0.074190 -0.701083 0.356686
0.870675 -0.075080 0.407058
-0.608303 -0.669567 0.101298
0.215827 -0.521256 -0.527858
-0.499266 -0.402537 0.148033
-0.523615 0.169987 -0.416430
-0.354741 0.536427 0.424050
-0.201766 -0.497845 0.284509
-0.179865 0.894031 -0.301387
-0.291400 0.730976 -0.000777
-0.190417 -0.171100 -0.649734
-0.220866 -0.454022 -0.727017
-0.506129 -0.561612 -0.339600
0.989370 -0.071695 0.276967
0.559602 -0.285088 0.591079
-0.300904 0.624179 -0.278617
0.071821 0.949460 -0.292440
0.937261 -0.214583 -0.344814
0.271088 0.376153 0.117633
0.085145 -0.043175 -0.856986
0.186827 0.106094 -0.726583
0.239015 0.322959 -0.487166
0.743519 -0.165278 0.488914
-0.082328 0.099716 0.244567
0.282291 -0.574101 -0.300485
0.578404 -0.636154 0.438219
-0.466754 0.532797 -0.274669
0.024942 -0.397626 0.387319
-0.274342 0.648211 0.296733
-0.499383 0.365208 0.514606
-0.090644 0.596419 -0.037628
0.208497 -0.599797 0.473642
-0.167908 -0.266565 -0.636529
1.095735 -0.071906 0.068577
-0.786469 -0.203626 -0.416192
-0.606405 0.268539 0.517785
-0.569924 0.407603 -0.111654
0.909966 -0.614410 -0.132705
-0.797069 -0.202058 -0.286649
0.687354 -0.282846 0.507701
-0.151076 0.179926 -0.676511
-0.478434 -0.353510 0.041969
0.207658 0.333315 0.086137
0.138568 0.964923 -0.248932
-0.630676 -0.361508 -0.469961
0.429182 0.007182 0.486694
-0.886811 -0.500109 -0.468217
-0.864838 -0.538399 -0.375032
-0.811285 -0.033916 -0.248794
-0.391725 0.753372 -0.571766
-0.573732 0.616237 0.163578
-0.144223 -0.539313 -0.336593
0.487274 -0.367313 0.559102
0.936965 0.302529 -0.137364
-0.555103 -0.320228 -0.125001
0.301324 -0.425258 0.563347
0.003794 -0.481860 -0.743790
-0.302547 0.051942 -0.673936
0.385911 -0.558458 -0.635438
0.679687 -0.262911 0.494244
0.425967 -0.174909 0.574495
-0.600652 -0.487757 -0.201804
-0.759273 -0.009569 -0.000212
0.452866 -0.671213 0.417130
-0.538540 -0.622104 0.039326
1.222057 -0.590505 0.145560
0.090274 -0.572471 -0.142717
-0.551546 -0.314097 -0.023676
0.392731 -0.492648 -0.672735
-0.349123 0.655406 -0.380663
0.989916 -0.398243 0.238062
-0.462655 -0.318929 0.198825
-0.251972 -0.556204 0.358817
-0.025007 -0.309769 -0.827937
-0.089933 -0.572662 -0.009818
0.368479 -0.686062 0.409060
-0.438746 0.345538 -0.351322
-0.002144 1.188864 -0.319408
0.387510 -0.750832 0.410335
-0.422193 -0.333793 -0.617498
0.194265 -0.510011 -0.493354
-0.748555 0.000914 0.080305
0.890197 0.239125 -0.233049
-0.300861 -0.651354 0.068018
0.688749 0.519683 -0.122853
0.140983 -0.599591 -0.051819
-0.524409 -0.676846 0.275057
-0.392076 -0.482045 -0.667992
-0.392138 0.782375 -0.602016
-0.736314 -0.328251 -0.314796
-0.436853 0.916401 -0.513943
0.053853 -0.545307 -0.691077
-0.420026 0.339982 0.484735
-0.892184 -0.506132 -0.532879
-0.078244 0.514348 -0.025746
-0.521376 0.101779 -0.506784
-0.760175 -0.402450 -0.379048
-0.604110 -0.397305 -0.013661
-0.105411 0.315764 -0.493154
-0.293691 -0.441724 -0.790494
-0.810274 -0.330648 -0.307398
-0.295970 -0.521540 -0.671680
-0.249687 0.724696 -0.256891
-0.365076 0.916303 -0.594345
-0.351386 0.274502 -0.401138
-0.746391 -0.258199 -0.381486
-0.808420 -0.479182 -0.294190
-0.450682 -0.529712 -0.599358
-0.225547 -0.471785 -0.913922
-0.772762 -0.508689 -0.523275
1.120734 -0.063337 -0.038123
-0.612528 0.117321 -0.345162
0.102212 -0.040406 0.390165
0.426700 -0.264856 -0.720177
0.313747 -0.672728 0.055117
-0.390880 0.123379 -0.519572
-0.289685 -0.116517 -0.704875
-0.508680 0.087725 0.283022
0.316076 -0.144769 0.566111
0.307044 0.061657 0.401366
-0.386937 0.651414 -0.413127
0.322212 0.132204 0.310900
-0.094220 -0.309616 -0.767554
1.009853 0.230662 0.054261
-0.526327 -0.044189 -0.637400
-0.600276 -0.425083 -0.275938
0.139055 0.242926 -0.598699
0.690537 -0.735637 0.144873
0.286497 -0.769907 0.431508
0.267959 -0.718746 0.422421
-0.020958 -0.573828 -0.150250
0.323688 -0.649393 0.487038
-0.406335 -0.217299 0.345402
-0.504484 -0.640838 0.298811
-0.773855 -0.530600 0.139670
0.999773 -0.647596 -0.133724
-0.533293 -0.334512 -0.503955
-0.449925 -0.364354 -0.695135
-0.541817 -0.458258 -0.027676
-0.327277 0.730828 -0.050529
-0.785158 -0.135227 -0.153078
0.351160 0.007417 0.483647
-0.155591 0.487083 -0.229170
-0.606333 0.275109 -0.173114
0.009556 -0.678929 0.274041
-0.520045 -0.499090 -0.585471
-0.742089 0.014538 -0.232217
-0.077908 -0.616270 0.187559
-0.208525 -0.622307 0.448967
0.211044 -0.142426 0.544312
0.282810 -0.050856 0.526722
0.299796 0.003630 0.481050
0.889598 -0.182601 -0.364421
0.276124 0.082822 0.384218
0.100925 -0.499158 -0.544858
0.492843 0.292421 0.276765
0.198689 -0.624563 0.506699
-0.560081 0.592710 0.081767
0.219273 -0.674064 0.498776
0.159198 -0.697874 0.462487
-0.184011 -0.674517 0.408386
-0.228012 -0.616579 0.133482
-0.585188 0.032415 -0.590851
-0.163027 -0.710862 0.463753
0.794664 -0.267675 0.489286
0.111638 0.147714 -0.677799
-0.014192 -0.597919 0.011476
0.054605 -0.533388 -0.365977
-0.484396 -0.516299 -0.379880
-0.587528 0.090223 -0.553522
0.188102 -0.516236 -0.713385
-0.058442 -0.523716 -0.342164
0.915024 -0.380467 -0.359624
-0.129621 -0.357298 -0.853020
0.170531 -0.067707 0.472045
-0.721308 0.220228 0.222410
0.201578 0.012223 0.406904
-0.422487 -0.551886 -0.507845
0.182198 0.085549 0.323936
0.068898 0.094473 0.273869
-0.640145 0.498258 0.174655
-0.369195 -0.290201 0.197073
-0.183465 -0.745702 0.520430
0.043123 -0.660613 0.471934
0.073661 -0.683789 0.496490
0.101052 -0.661868 0.468215
-0.241099 0.802621 -0.182605
0.535544 0.225045 -0.445497
-0.312554 0.249295 0.338504
0.030853 -0.639750 0.458114
0.114109 -0.454679 0.453104
-0.004801 -0.732496 0.509440
-0.094864 0.294068 0.160061
-0.115203 -0.358932 0.211883
-0.689678 0.305044 0.282047
1.073007 -0.197473 0.072864
-0.733513 -0.199678 0.176064
0.100823 -0.352178 0.445406
0.126854 0.432536 -0.413663
-0.470584 -0.499345 0.232989
-0.309439 0.192252 -0.588486
0.550564 0.521953 0.075877
-0.517560 0.021354 -0.589343
0.287292 -0.499862 -0.739393
-0.074157 -0.449738 -0.630505
-0.058347 -0.685800 0.523766
-0.010494 -0.584070 0.466262
-0.129386 -0.307901 -0.843884
-0.756124 -0.096244 0.070859
-0.080521 -0.491445 0.346145
-0.017829 -0.560650 0.433252
0.034850 -0.430895 0.379692
0.272577 0.306946 -0.457999
0.016197 -0.263536 0.309391
-0.795255 -0.229537 -0.061472
-0.386024 0.609693 -0.235492
-0.823359 -0.475543 -0.472142
0.569680 -0.004485 -0.565747
-0.140132 -0.020730 -0.768584
0.073646 -0.097535 0.429557
-0.607643 -0.458854 -0.660714
-0.007908 0.064409 0.282641
1.118907 -0.656137 0.065080
-0.439364 -0.636952 0.155070
0.005723 -0.131046 -0.813735
0.007521 -0.217646 0.331062
-0.042813 0.755694 -0.042318
-0.027648 -0.607803 -0.061479
-0.770494 -0.516633 -0.578242
0.681629 0.362756 -0.376575
-0.682177 -0.398857 -0.606571
-0.041658 -0.445270 -0.781987
-0.498462 0.411699 0.527920
0.777851 -0.518264 0.377060
-0.079245 -0.703959 0.499828
-0.055538 -0.381565 0.253707
-0.039291 -0.193803 0.295856
-0.068043 -0.139855 0.304756
-0.112560 -0.079134 0.311937
1.248264 -0.480080 -0.120294
-0.086525 -0.045805 -0.810505
0.329967 -0.432617 0.536178
-0.231499 0.197003 0.245022
-0.186849 0.307589 0.271602
-0.415884 -0.600122 0.292183
-0.718448 -0.079795 -0.581859
0.178956 -0.501161 -0.679477
-0.714121 -0.556757 -0.134805
0.114171 0.333339 -0.500491
-0.343796 -0.542710 -0.642071
0.011859 -0.736126 0.423018
-0.433288 0.455591 -0.270114
-0.274696 0.217043 0.277515
-0.057848 -0.696237 0.480169
-0.661682 -0.537069 -0.147424
-0.129526 -0.500595 0.341935
-0.118434 -0.174452 0.270245
-0.309093 0.131764 0.314600
0.966630 -0.390597 -0.312517
-0.124990 0.656157 -0.161357
0.606061 -0.748015 0.298084
0.449507 0.467239 0.085276
-0.324411 0.325341 0.389460
-0.278169 0.547146 -0.325315
-0.280759 0.400801 0.408207
-0.199824 -0.547543 0.315724
-0.287975 -0.645716 0.264977
0.555194 -0.629462 -0.321648
-0.155855 -0.264010 0.288571
-0.208772 -0.062220 0.260480
-0.263828 0.109574 0.288060
-0.771176 -0.225712 -0.465502
-0.520546 0.583777 -0.160416
-0.503571 0.358325 -0.249059
-0.209317 -0.126559 0.284928
-0.427825 0.693014 -0.174147
0.987019 0.124615 -0.274061
-0.827270 -0.219165 -0.231841
0.055889 0.001653 -0.825844
-0.077508 -0.714585 0.470401
1.151795 -0.216469 0.001756
-0.134736 -0.478788 -0.909234
-0.228783 -0.110638 0.339089
-0.799423 -0.100158 -0.436292
0.289421 -0.462087 -0.728196
-0.603591 0.019500 -0.636668
0.551139 0.144781 -0.504564
0.861006 0.349487 -0.153121
1.131547 -0.071883 -0.120428
-0.666339 -0.339357 -0.325596
-0.706460 0.071218 -0.369777
0.080972 0.341860 -0.436391
-0.168166 -0.135173 -0.642707
-0.632428 -0.221549 0.183813
-0.363458 0.810657 -0.321656
-0.146292 0.480709 0.197345
0.745387 0.488204 -0.098343
-0.330660 0.681375 0.171716
-0.704326 0.039526 -0.483401
-0.755237 -0.028994 -0.464320
-0.622276 -0.374142 -0.235141
-0.108242 0.671766 0.034600
0.598425 0.560741 -0.077831
-0.204881 -0.275616 -0.827923
-0.594060 -0.569653 0.109912
-0.607516 -0.056771 -0.630832
0.899477 -0.681673 0.110758
-0.612580 0.020273 -0.634967
-0.367467 -0.356021 0.163277
1.254975 -0.488627 0.162965
1.312567 -0.354025 0.032399
-0.333987 -0.424803 0.196431
-0.431391 0.671474 0.069490
0.026469 0.269835 0.130619
-0.525126 -0.572894 0.304352
0.169891 -0.524335 -0.699543
-0.206711 0.756948 0.050794
-0.772565 -0.401764 -0.392456
-0.069681 0.654057 -0.101979
-0.726398 -0.298471 -0.277052
0.929143 -0.045329 -0.336524
-0.565296 -0.286263 0.156353
0.562057 -0.739612 0.098596
1.027058 -0.459367 -0.295318
-0.114800 0.578089 0.052787
-0.370474 0.771900 -0.424878
-0.789789 -0.328308 -0.153055
-0.399553 0.023751 -0.691357
-0.502312 -0.426010 0.139832
-0.034315 0.431099 -0.252021
-0.085756 0.465465 -0.233507
-0.570935 -0.459008 0.012757
-0.382322 -0.400915 0.172575
0.477873 0.092798 -0.564569
-0.238354 -0.039952 -0.660933
0.636206 0.344473 0.258764
0.104693 -0.487011 -0.807585
0.610922 0.426185 0.206830
-0.463018 1.140441 -0.884651
0.562048 0.474037 0.143388
-0.215608 0.728164 0.076384
-0.727611 0.025921 -0.143737
0.404174 0.207801 0.317733
-0.789114 -0.157570 -0.341344
-0.770730 -0.059917 0.028481
0.438536 -0.692459 0.160713
-0.087687 -0.439237 -0.827721
-0.598365 -0.558110 0.230402
0.606308 0.226457 0.335222
0.465892 0.390319 0.226573
-0.163843 0.389196 0.223738
-0.387834 0.842798 -0.476895
0.953529 -0.099002 0.358282
0.681251 -0.282852 -0.605499
0.697999 -0.656719 -0.237546
-0.431341 -0.605714 -0.011713
-0.457831 0.927473 -0.669724
0.204998 0.336583 0.144096
-0.075419 0.703322 -0.220551
0.629512 -0.647717 -0.374970
-0.584041 -0.434622 -0.590995
-0.585845 0.461364 -0.005154
-0.306153 0.714234 0.007249
0.408791 0.168772 0.324668
-0.197405 -0.595377 0.222817
-0.063685 0.463676 -0.173201
0.676388 -0.201859 -0.594816
-0.421849 0.884453 -0.732234
0.548508 -0.571770 -0.587672
0.653912 0.227449 -0.431441
0.771770 0.460922 -0.151282
0.338734 0.178458 0.306998
0.789629 0.433981 0.102926
0.357137 0.207190 0.281042
1.030069 -0.237618 -0.260810
1.190986 -0.575016 0.185381
0.212667 0.249874 0.212733
-0.006814 0.410482 -0.023245
0.174759 -0.439875 0.510664
-0.098836 0.496148 -0.143333
0.291608 -0.035684 -0.726021
-0.476377 1.209216 -0.791295
-0.465999 1.149347 -0.849278
-0.068850 0.679638 0.017088
-0.791947 -0.061119 -0.352189
0.869388 -0.125049 0.404543
-0.415190 0.654279 0.250048
0.603128 -0.483460 -0.583828
0.847150 -0.336930 0.376666
0.173415 0.360917 0.086832
0.460898 -0.687832 0.204513
0.007655 0.387989 0.036264
-0.087633 0.439776 -0.043059
0.652173 0.567935 -0.098283
-0.145430 0.602623 -0.158406
0.182994 0.016624 -0.759372
-0.261491 0.713708 -0.264044
-0.432879 0.883716 -0.455559
-0.802243 -0.145694 0.055780
-0.092095 0.485587 0.043905
0.123893 0.178499 0.226560
-0.069966 0.460365 0.009861
0.750089 -0.673192 -0.060539
-0.632015 -0.674797 0.308525
-0.216011 0.183878 -0.540275
-0.099504 0.636830 -0.136619
-0.130699 0.782496 -0.243423
-0.590524 0.525827 -0.021613
-0.301639 -0.460403 -0.832101
-0.168459 -0.649349 0.462374
-0.082857 0.776192 -0.183803
0.897576 -0.489994 -0.348090
0.500144 0.323385 -0.423263
-0.608994 -0.529519 0.041622
-0.412652 -0.542930 0.264646
-0.494671 0.273078 -0.365435
0.994345 -0.379486 -0.281803
-0.797815 -0.522071 -0.598016
0.113680 -0.468388 -0.781342
0.580879 -0.364629 -0.642670
0.781089 0.481350 -0.013207
0.194590 0.377348 0.089805
-0.003412 0.383275 -0.040322
-0.416461 1.180639 -0.839459
0.688354 0.520713 -0.039597
-0.070622 -0.617997 0.072161
-0.101853 0.072292 -0.725071
-0.149511 0.538969 -0.206014
-0.087584 0.917167 -0.150878
0.693201 0.455522 -0.209625
-0.388145 0.650777 -0.334964
-0.085438 0.188761 -0.644143
-0.149617 0.543384 -0.191239
-0.328146 0.715563 -0.123363
-0.607112 0.398395 0.256710
0.645650 0.405147 0.218785
1.008880 -0.307463 -0.248768
0.605887 -0.351586 0.510894
-0.061345 -0.656873 0.252273
0.251345 0.551659 -0.233670
-0.355090 0.832463 -0.456943
0.391988 0.517008 -0.019840
-0.412307 1.121308 -0.777521
0.599694 -0.411067 0.548168
0.135068 -0.532422 -0.420917
-0.204121 0.147900 -0.694640
0.353911 0.449261 0.056168
0.153895 0.445798 -0.131799
1.098585 -0.371041 -0.255454
0.990544 0.112100 -0.161802
1.201424 -0.593981 -0.025059
0.835309 0.396916 -0.036517
-0.639703 -0.571734 -0.494075
-0.451383 1.061780 -0.589100
-0.378160 0.378851 -0.331875
-0.426289 1.030610 -0.693677
0.009641 0.427726 -0.145065
-0.192615 0.789758 -0.082376
-0.597183 0.361486 -0.086533
0.522456 0.380517 -0.375538
0.298438 0.501755 -0.260125
-0.677319 0.321977 -0.107145
-0.466131 1.125835 -0.759723
1.017099 0.184316 -0.063308
0.117908 0.484723 -0.302028
0.429288 0.007708 -0.637043
1.072473 -0.558420 0.190428
0.306196 0.496360 -0.313245
-0.148266 0.453257 -0.344763
-0.629226 0.443523 0.290844
0.533007 -0.715635 0.407337
0.063554 0.427144 -0.368445
0.261418 -0.604099 -0.215133
-0.279915 -0.004314 -0.710691
-0.076175 -0.310819 -0.804040
-0.040243 0.447559 -0.283255
-0.398696 0.405001 -0.317191
-0.176741 0.094918 -0.801687
-0.243623 -0.549816 -0.296933
1.099493 -0.345360 0.017309
-0.077069 0.827517 -0.119592
-0.016712 0.465721 -0.309943
0.259676 0.443379 -0.378407
0.870079 -0.581849 -0.256056
-0.421298 0.838597 -0.561023
-0.247169 0.604190 0.342894
-0.511471 -0.475893 -0.071379
-0.503600 -0.530670 -0.393091
-0.677272 0.322516 0.359118
0.950243 -0.648018 -0.099728
-0.307730 0.516720 -0.265023
-0.201334 0.681805 -0.230826
0.287095 -0.640465 0.144999
-0.081157 0.504560 -0.232555
-0.717110 -0.396029 -0.530249
-0.349528 0.765423 -0.267478
-0.441984 -0.176109 -0.681278
-0.458653 0.217868 -0.442860
-0.113216 0.701816 0.007908
0.026093 0.433657 -0.302553
-0.806032 -0.080996 -0.126445
-0.582920 -0.307449 -0.342345
0.471625 -0.565565 -0.630262
0.251003 -0.104122 -0.773207
-0.224287 -0.482775 -0.497668
-0.290248 0.908483 -0.282457
-0.363206 0.985914 -0.429643
-0.185643 0.945438 -0.228844
0.715779 0.461413 0.123664
-0.118780 0.818852 -0.120347
-0.068369 0.571695 -0.219928
-0.015278 0.435196 -0.300835
1.084018 -0.625936 -0.084821
-0.828149 -0.442173 -0.326949
0.529579 -0.316227 0.576911
-0.277708 0.681705 0.130875
0.538948 -0.281368 0.535524
-0.424025 1.124884 -0.758166
-0.460530 -0.498789 -0.713392
-0.148219 1.028126 -0.282168
0.957076 -0.229069 -0.342856
0.535208 -0.385292 0.542849
-0.056982 1.066952 -0.187729
-0.221878 -0.489736 -0.857386
-0.596451 -0.456256 0.159582
-0.710067 -0.488222 -0.561216
-0.545381 -0.351382 -0.667970
-0.475486 -0.361122 0.092090
0.832971 -0.529086 -0.348523
-0.307078 -0.534795 -0.714054
-0.583801 0.076026 0.247358
1.003675 -0.370986 -0.320579
-0.602963 -0.292838 -0.193102
-0.862032 -0.533290 -0.335299
-0.405432 -0.518256 -0.467005
-0.386575 -0.510671 -0.539651
0.021034 0.846361 -0.246921
-0.004259 0.723637 -0.082623
-0.419227 1.114103 -0.749941
-0.477823 -0.490552 -0.292661
-0.136642 0.716779 0.020311
1.007440 -0.409702 0.304372
1.239685 -0.371263 0.021773
-0.381929 0.521303 0.431603
-0.516808 -0.340565 -0.260638
-0.256681 0.668601 0.206434
-0.511486 0.382117 0.508547
-0.450555 0.640657 -0.117918
1.275044 -0.388915 -0.143928
1.294056 -0.452748 -0.012784
0.621868 0.358386 0.242891
1.201335 -0.582009 -0.077418
1.081925 -0.684927 -0.101837
-0.013980 0.129955 -0.779846
-0.577150 -0.126475 -0.583430
1.152659 -0.297451 -0.181530
1.272853 -0.458576 0.047740
0.709993 0.313972 0.244630
1.063231 0.055340 -0.000163
1.294415 -0.364303 -0.005070
0.299583 -0.644150 0.465672
0.867727 -0.560050 -0.315181
0.227417 -0.737454 0.376943
0.258938 -0.317282 0.559527
1.126371 -0.333640 0.154958
0.235214 -0.624181 0.461413
0.272914 -0.518444 0.517875
1.287615 -0.270484 0.058563
1.147973 -0.381624 0.192503
0.174399 -0.635072 0.152641
0.938237 -0.006684 0.332509
1.218653 -0.354539 -0.204751
0.292391 -0.684060 0.236636
1.275936 -0.399591 -0.035125
-0.608361 -0.643256 0.330122
-0.738204 -0.627064 0.204980
-0.281155 -0.482381 -0.610479
0.861143 -0.709575 0.096102
0.139275 -0.366816 -0.819824
-0.383273 -0.657725 0.190847
-0.337434 -0.621081 0.299795
1.279951 -0.291309 0.021871
0.374116 -0.681962 0.223652
-0.724282 0.229740 0.315929
0.132049 -0.632853 0.091929
-0.752530 -0.640882 0.283894
0.950597 -0.488666 0.330749
0.888123 -0.545555 0.266997
1.204852 -0.252192 0.075818
1.049113 -0.082218 -0.145377
1.113761 -0.183024 0.052290
1.018727 -0.210373 0.246736
-0.121619 -0.392667 -0.826685
-0.585841 -0.299041 -0.321005
0.805514 -0.363225 0.408508
0.179703 -0.598057 -0.002047
0.746336 -0.472765 0.418965
-0.211637 -0.644339 0.165097
-0.237810 0.374952 -0.373385
1.132208 -0.582341 0.222019
-0.525484 -0.482536 -0.702959
0.615350 -0.545688 0.450519
-0.011346 0.329754 -0.478642
0.096678 -0.131739 0.446660
0.039114 -0.299644 -0.791443
0.147752 -0.357355 -0.789245
0.421986 -0.391278 0.553746
-0.047974 -0.048378 -0.767589
1.139598 -0.636998 -0.126711
1.106293 -0.656301 -0.103585
1.076975 -0.476540 -0.259764
1.214500 -0.573294 -0.036389
0.937236 -0.192112 -0.312288
-0.464335 -0.356462 -0.701545
0.917949 0.253955 0.216466
1.049146 -0.421053 -0.270025
1.017432 -0.555862 -0.278787
-0.297117 0.708079 -0.182251
1.172481 -0.276834 -0.146494
0.433190 -0.509663 -0.665078
-0.384337 -0.649697 0.132211
0.981484 -0.492699 -0.275903
0.982392 -0.373705 -0.299290
1.110866 -0.240974 -0.141140
0.933654 -0.261121 0.327209
0.933121 -0.257217 -0.369296
-0.694137 -0.608693 0.115558
0.843816 -0.112328 -0.385493
-0.594243 0.296875 -0.168109
-0.333457 0.721581 0.035820
1.024304 -0.508115 -0.063636
0.909728 -0.437020 -0.352178
-0.230812 0.117606 -0.675770
0.952609 -0.290225 -0.343989
1.077258 -0.145380 -0.192751
-0.344751 0.459995 -0.313614
0.690172 0.025289 -0.497400
0.375678 -0.071576 -0.707975
0.694302 -0.072399 -0.544968
0.734113 -0.140042 -0.521028
0.782693 -0.364914 -0.492161
0.820577 -0.337757 -0.437288
0.369962 -0.673883 -0.195361
-0.325846 -0.612151 0.018467
-0.644216 -0.328106 -0.414289
0.589237 -0.136460 -0.634049
0.634805 -0.188768 -0.579539
0.874106 -0.757281 -0.002571
0.752171 -0.115916 -0.522137
-0.155221 0.300410 -0.454225
0.793580 -0.462140 -0.419573
-0.763857 -0.469445 -0.609633
0.556017 -0.057678 -0.623358
1.137318 -0.484817 -0.239949
0.963591 -0.003585 -0.235617
0.888421 -0.596811 -0.029097
0.549828 0.035274 -0.570863
0.671067 -0.599811 -0.371414
0.454795 -0.212937 -0.673096
0.579124 -0.259541 -0.661338
1.065844 -0.660525 -0.124400
-0.160168 0.327409 -0.458040
0.666747 -0.691907 -0.188644
-0.354536 0.206025 -0.448160
0.551033 -0.659585 -0.221395
1.021591 -0.186272 -0.161598
0.487747 -0.252139 -0.710189
0.577372 -0.599160 -0.448065
0.856039 -0.579737 -0.322936
0.550560 -0.673036 -0.041490
0.377933 -0.195064 -0.720073
0.579088 -0.588690 -0.473602
1.196997 -0.542789 -0.151961
0.518839 -0.669139 -0.048910
0.986466 0.269750 0.040874
0.057908 0.161702 -0.747261
0.478516 -0.591857 -0.437836
0.696097 0.161233 -0.439716
0.480900 -0.630014 -0.318299
0.412051 -0.644069 -0.218779
-0.782745 -0.028484 -0.143655
0.318225 -0.276855 -0.756062
0.861129 0.057469 0.378897
0.353691 -0.557402 -0.410417
0.376561 -0.601962 -0.328768
-0.577804 0.414699 -0.122513
0.937094 0.357301 -0.040840
-0.175108 -0.181490 -0.778163
-0.588176 0.415508 -0.149304
-0.657523 0.341036 0.403643
-0.088658 0.364663 -0.383558
1.072008 -0.237158 -0.182242
-0.566841 -0.226436 -0.537181
-0.186292 -0.023542 -0.646460
1.081451 -0.534173 -0.231936
-0.143209 0.168626 -0.610778
-0.269444 0.463302 -0.322792
0.897509 -0.069493 -0.373197
-0.697999 0.233551 0.144389
0.210901 0.218418 -0.612886
0.848051 0.371212 -0.168342
-0.038211 0.386790 -0.354442
-0.631936 0.072741 -0.500697
-0.584130 0.404122 0.475827
1.048488 -0.262230 0.231567
-0.456031 0.552755 0.404855
1.149981 -0.600376 0.105242
-0.295607 0.629056 0.306730
0.972947 0.218860 -0.163796
1.025382 0.020130 -0.154737
1.151366 -0.638858 0.166491
0.853716 0.373530 -0.154371
1.091895 -0.655711 -0.027667
-0.309102 -0.509659 -0.630746
0.513280 0.429655 0.174735
0.759202 0.409166 -0.256200
0.817461 0.328753 -0.234446
0.919292 0.153337 -0.265153
0.887329 0.134111 -0.333994
0.777623 0.063512 -0.444208
0.892801 0.050475 -0.312836
0.938448 0.019501 -0.333470
0.725965 -0.716355 0.287173
0.076880 0.420023 -0.062201
0.618727 0.498451 -0.287417
-0.155347 0.513545 -0.223721
0.591077 0.458644 -0.302819
-0.770686 -0.015610 -0.379022
0.985319 -0.697270 0.164024
0.446101 0.456344 -0.327108
0.511708 0.427099 -0.346302
0.633693 0.163750 -0.481663
0.655440 0.095761 -0.503600
0.777973 -0.153278 -0.450316
0.763498 -0.326747 -0.486412
0.645083 0.047759 -0.531045
-0.244462 0.482571 -0.261226
0.289872 0.424569 -0.390407
0.456515 0.292874 -0.410078
0.595563 0.052632 -0.520324
0.804735 -0.103053 -0.463460
0.705287 -0.326642 -0.586312
0.747723 -0.347642 -0.527466
0.450043 0.198063 -0.570855
0.208460 -0.550158 -0.666064
0.658942 -0.381790 -0.610621
0.737015 -0.394770 -0.526342
1.030711 -0.568705 0.118469
0.769886 0.429027 0.130617
0.162191 0.386042 -0.403213
0.195812 0.351723 -0.424861
0.325788 0.272869 -0.507383
0.964535 -0.172401 0.328250
0.395630 0.211799 -0.505204
0.676793 -0.481165 -0.558169
0.626001 -0.387841 -0.634308
0.176226 0.320367 -0.491408
0.265941 0.232880 -0.556970
0.003998 0.367800 -0.389002
0.471711 -0.336337 -0.685528
0.494752 -0.358836 -0.697497
0.483049 -0.436790 -0.685327
0.486742 -0.517540 -0.646980
0.617567 -0.591208 -0.524016
0.634634 -0.592669 -0.443346
0.268316 0.088605 -0.650475
-0.149712 0.403925 -0.356651
0.346539 -0.370323 -0.725376
0.410851 -0.405466 -0.709067
0.425529 -0.518786 -0.679195
0.477845 -0.597092 -0.567068
-0.037763 -0.377432 -0.834279
1.018669 0.116925 -0.113997
0.889584 0.360274 0.039147
1.186610 -0.389231 -0.094925
1.152123 -0.216697 -0.097243
0.982043 0.313084 0.071618
1.030944 0.116928 0.052056
-0.025776 -0.622274 0.163398
1.157519 -0.226944 -0.023391
1.219316 -0.570601 -0.054600
1.108620 -0.091391 -0.021917
0.960665 0.177800 0.208956
0.911497 0.297475 0.177799
0.736990 0.366981 0.226376
0.813029 0.279866 0.264861
0.268567 0.445651 0.011620
1.047436 -0.053429 0.183886
0.980725 0.057831 0.241836
1.189714 -0.543424 0.162962
1.202458 -0.447189 0.109615
0.828355 0.195203 0.299524
0.512062 0.390637 0.223880
1.147022 -0.292109 0.115060
0.927131 0.102582 0.340319
0.781349 0.232588 0.293056
0.950700 0.049601 0.289166
1.047202 -0.035891 0.189397
0.830678 0.134210 0.324136
1.118727 -0.565125 0.226245
0.973951 0.137633 0.264650
1.001153 -0.161450 0.300718
0.563501 0.414914 0.204167
1.088201 -0.243342 0.140080
0.425656 0.393200 0.176639
1.150173 -0.529344 0.181682
1.139676 -0.584693 0.228136
1.099517 -0.378370 0.208557
1.121015 -0.477049 0.184992
1.003653 -0.013689 0.260115
0.839619 0.092325 0.342641
1.055346 -0.640605 0.235869
0.942871 -0.257839 0.292166
0.118339 0.426922 -0.031809
1.263592 -0.464841 0.192420
1.207740 -0.471839 0.208893
1.234261 -0.512713 0.180795
0.935867 -0.659124 0.212058
0.500583 0.550436 -0.059032
1.014628 -0.254839 0.239877
0.680542 0.553815 -0.041820
1.274867 -0.392874 0.159145
0.854796 -0.697626 0.104082
0.867815 0.399043 0.067362
0.962781 -0.483874 0.201268
0.931415 -0.717747 0.069843
1.288238 -0.473408 0.016965
1.280259 -0.372207 0.058906
0.966303 0.336155 0.094873
0.864647 -0.710904 -0.091675
-0.618462 -0.486136 -0.700190
0.974603 0.240299 0.128586
1.088339 0.036769 0.128690
1.241389 -0.438336 -0.157378
1.140876 -0.531439 -0.192609
0.970287 -0.592070 -0.257158
0.850238 -0.618997 -0.230878
0.904631 -0.677838 -0.112230
1.078866 -0.524707 0.014851
1.041090 -0.500758 -0.271590
1.023135 0.120762 0.101007
0.977980 0.175780 -0.126137
1.016050 0.129672 -0.134616
1.045190 0.021475 -0.154125
1.002322 -0.138246 0.219637
-0.777165 -0.503601 -0.633775
-0.820195 -0.222149 -0.258436
-0.746442 -0.531403 -0.564251
-0.585941 -0.461185 -0.682791
-0.726637 0.033839 -0.001455
