-1.786547,-0.747110,0.888216
-1.775743,-0.816970,0.860618
-1.767271,-0.758750,0.969281
-1.759025,-0.434658,1.063273
-1.750155,-0.609686,0.864293
-1.743365,-0.649366,1.069977
-1.735933,-0.888507,0.729990
-1.726966,-0.879889,0.874621
-1.721614,-0.879642,0.685063
-1.715188,-0.368786,1.070637
-1.709042,-0.840407,0.678146
-1.702825,-0.716266,1.006726
-1.697822,-0.788941,0.693349
-1.693375,-0.793375,0.684292
-1.689649,-0.361987,1.139310
-1.685347,-0.532091,0.842057
-1.680403,-0.985679,0.614399
-1.676265,-0.828575,0.636134
-1.672414,-0.851553,0.922078
-1.669567,-0.368549,1.149180
-1.666974,-0.391396,1.155074
-1.662778,-0.897285,0.867375
-1.659476,-1.017156,0.592336
-1.657620,-1.013821,0.565202
-1.654467,-0.544894,0.806697
-1.651912,-0.755236,0.660922
-1.649077,-0.449864,1.148329
-1.647455,-0.909929,0.836928
-1.644710,-0.548415,1.055727
-1.641866,-0.683140,0.963769
-1.639513,-0.450575,1.138410
-1.636021,-0.853208,0.903502
-1.633475,-0.772457,0.627193
-1.630191,-0.429097,1.137580
-1.626642,-0.399139,1.143168
-1.622854,-0.358546,1.137998
-1.618744,-0.530817,0.785934
-1.613619,-0.627677,0.944125
-1.608921,-0.528837,0.982469
-1.602195,-0.996981,0.441825
-1.596198,-0.611932,0.714932
-1.590883,-0.720820,0.626155
-1.586659,-0.686326,0.901952
-1.581334,-0.531858,0.951419
-1.574678,-0.569492,0.725307
-1.569009,-0.716941,0.879118
-1.563696,-0.994725,0.380965
-1.559363,-0.256801,0.964555
-1.555541,-0.237911,1.009353
-1.551698,-0.378263,0.839556
-1.547341,-0.803233,0.504476
-1.543139,-0.618379,0.667866
-1.539407,-1.005885,0.585723
-1.536279,-0.228414,0.979590
-1.533182,-0.629657,0.869217
-1.530875,-0.384635,0.819192
-1.528424,-0.390552,0.813519
-1.524950,-0.220986,1.006901
-1.522352,-1.197996,0.297166
-1.518758,-0.937983,0.633836
-1.516311,-1.198571,0.206909
-1.513477,-0.942896,0.616897
-1.511935,-1.148183,0.205875
-1.509354,-0.212482,0.968679
-1.507709,-0.950310,0.592918
-1.506132,-0.690051,0.822297
-1.504067,-1.192597,0.157054
-1.502741,-0.232733,0.926394
-1.500813,-0.922759,0.356685
-1.497308,-0.538451,0.887799
-1.493342,-0.773893,0.760746
-1.489829,-0.266089,1.027592
-1.486248,-1.250031,0.079514
-1.483692,-1.254521,0.065913
-1.480777,-0.945422,0.320360
-1.477956,-0.233112,1.016732
-1.475260,-1.143437,0.133322
-1.471726,-0.483717,0.725775
-1.467900,-1.016004,0.427709
-1.464069,-1.229241,0.290830
-1.459822,-0.212874,0.903082
-1.456705,-0.835816,0.653628
-1.453911,-0.608305,0.637138
-1.450795,-1.372750,0.028607
-1.448037,-1.205327,0.303036
-1.445044,-1.333408,0.139000
-1.441351,-0.265604,0.850929
-1.436929,-1.147811,0.063920
-1.432621,-0.307622,0.814067
-1.429405,-0.555366,0.839014
-1.426330,-0.283183,0.991710
-1.423984,-1.361504,0.101204
-1.420926,-0.592117,0.812564
-1.417644,-1.347931,-0.222351
-1.414239,-1.145153,0.039781
-1.410896,-0.306303,0.806076
-1.407243,-0.939684,0.403599
-1.404210,-1.215563,-0.082246
-1.400130,-0.439976,0.906339
-1.397910,-0.250169,0.992434
-1.396157,-0.967302,0.228699
-1.394484,-0.934563,0.397073
-1.391372,-0.803485,0.399117
-1.388482,-1.289505,-0.243112
-1.384903,-0.425433,0.910408
-1.382155,-0.995916,0.188002
-1.379358,-0.695617,0.530597
-1.376467,-1.401826,-0.274856
-1.374522,-0.916615,0.266727
-1.371805,-1.076798,0.240709
-1.370064,-0.966158,0.213758
-1.368195,-0.239449,0.829014
-1.365294,-0.638538,0.588344
-1.364085,-0.588810,0.789887
-1.360338,-1.404970,-0.297621
-1.358146,-0.995646,0.173541
-1.353859,-1.101942,0.199828
-1.351863,-1.293629,-0.291157
-1.349819,-0.588639,0.784302
-1.348496,-0.706850,0.698083
-1.348496,-0.706850,0.698083
-1.345963,-1.228945,-0.169492
-1.343160,-0.523418,0.823765
-1.341320,-1.240314,-0.206455
-1.339275,-1.324472,0.096577
-1.335775,-0.508791,0.684982
-1.332226,-1.444435,-0.073623
-1.329395,-0.668587,0.720914
-1.326806,-0.457698,0.865457
-1.322676,-0.322054,0.945141
-1.321019,-0.851556,0.304502
-1.318849,-0.894163,0.394538
-1.317372,-0.411210,0.747526
-1.313834,-1.445255,-0.070670
-1.309580,-1.275716,0.078416
-1.304983,-0.199022,0.830054
-1.300761,-0.699018,0.503626
-1.296717,-0.692532,0.512094
-1.293707,-0.090299,0.919765
-1.291650,-0.470195,0.845020
-1.289499,-1.201896,-0.092924
-1.285435,-0.645586,0.568210
-1.280736,-0.511557,0.676175
-1.275110,-0.456965,0.850207
-1.271741,-0.128830,0.991173
-1.268666,-1.186076,-0.068637
-1.265710,-1.271638,-0.304163
-1.263734,-0.062255,0.927510
-1.259860,-0.835898,0.471257
-1.255391,-0.099330,0.990213
-1.252006,-0.081146,0.986048
-1.249165,-0.453159,0.845946
-1.245195,-0.288843,0.937947
-1.241515,-1.271736,-0.319586
-1.239173,-0.285251,0.793878
-1.236216,-1.279688,-0.372157
-1.234118,-1.175434,-0.060023
-1.231288,-0.824520,0.479268
-1.226450,-0.855617,0.416971
-1.221711,-1.178989,-0.068042
-1.218299,-0.712845,0.475964
-1.214991,-1.066165,0.147507
-1.213116,-0.108416,0.994321
-1.211437,-0.942808,0.268433
-1.209306,-0.804354,0.341658
-1.205417,-0.446841,0.838615
-1.200837,-1.404667,-0.032144
-1.196498,-0.537283,0.767333
-1.193738,-0.855462,0.404775
-1.190993,-1.392932,-0.504779
-1.188462,-0.010773,0.981762
-1.187123,-0.860437,0.393496
-1.185426,-1.299818,-0.508775
-1.181638,-1.435677,-0.307171
-1.178927,-1.363918,-0.541839
-1.175027,-0.125878,0.986411
-1.170867,-1.402830,-0.516402
-1.167201,-0.857437,0.392523
-1.163816,-0.288119,0.912157
-1.162296,0.018869,0.976505
-1.160158,-0.431385,0.835597
-1.157634,-0.468423,0.806172
-1.153274,-1.295122,-0.529402
-1.149967,-1.175523,0.054232
-1.147026,-0.587398,0.718284
-1.142894,-0.508477,0.661755
-1.138477,-1.434670,-0.130205
-1.136132,-1.285949,-0.520219
-1.133681,0.042006,0.932753
-1.130203,-0.609002,0.695849
-1.127768,-0.855561,0.385627
-1.123507,-0.587018,0.710316
-1.119535,-0.665237,0.527655
-1.115998,-1.199559,-0.135264
-1.112632,-1.266199,-0.380894
-1.109847,-0.870120,0.226798
-1.107673,-1.278631,-0.507024
-1.104211,-0.146723,0.953015
-1.101452,-0.093179,0.980654
-1.098613,-1.144219,-0.068118
-1.095002,0.072077,0.991963
-1.091935,-0.395960,0.842267
-1.088091,0.070386,0.997976
-1.085497,-1.151821,-0.085080
-1.082486,-0.689182,0.492324
-1.080326,-0.814391,0.300221
-1.078060,0.066331,1.005060
-1.075528,-1.411322,-0.074004
-1.072533,-0.150223,0.823587
-1.068855,-1.405172,-0.067053
-1.065455,-1.092666,-0.012878
-1.061348,-0.006993,0.865072
-1.057935,-0.241507,0.795337
-1.056261,-1.428546,-0.319549
-1.055116,-1.081275,0.122402
-1.052747,-1.297582,-0.589927
-1.050656,-0.730377,0.550959
-1.046558,-1.359108,-0.032146
-1.042326,-1.337120,-0.647138
-1.038915,-0.560676,0.702316
-1.036311,-1.414594,-0.097146
-1.031551,0.114352,1.008772
-1.029701,-0.029848,0.992903
-1.028063,-0.735451,0.537610
-1.026312,-1.106514,-0.051485
-1.023965,-1.310622,-0.637715
-1.019600,-0.559100,0.697019
-1.015763,-1.045005,0.153600
-1.012510,-1.344718,-0.668248
-1.008578,-0.564732,0.688581
-1.005377,-0.423563,0.683172
-1.003747,-1.424657,-0.160210
-1.002047,-0.481983,0.642775
-1.000277,-0.448009,0.665253
-0.997952,-0.409845,0.802804
-0.994782,-0.470344,0.752804
-0.991291,-0.695847,0.567658
-0.987313,-0.456850,0.654393
-0.983454,-0.722526,0.537716
-0.980688,-1.283786,-0.603496
-0.978247,-0.654763,0.491703
-0.976693,-1.298370,-0.651286
-0.974372,0.152997,0.929974
-0.971337,-0.177877,0.807695
-0.967610,-0.557702,0.573875
-0.962929,-1.182076,-0.378470
-0.960001,-0.174119,0.913895
-0.956176,-0.044714,0.848394
-0.953277,-1.075080,-0.050546
-0.951206,0.204461,0.985748
-0.948941,-1.061914,-0.033139
-0.947064,0.204733,1.023705
-0.945436,-0.688700,0.554821
-0.942720,-0.395041,0.678815
-0.941335,-0.089265,0.835340
-0.940074,-0.852648,0.220724
-0.936988,-0.535684,0.682766
-0.934971,-1.097328,-0.108618
-0.932661,-0.426575,0.766246
-0.929890,-1.150735,-0.411481
-0.927293,-1.285798,-0.672937
-0.925819,-0.994638,0.041031
-0.923750,-0.266049,0.759878
-0.922599,-0.167309,0.804871
-0.921085,-0.848200,0.219441
-0.919875,-0.126358,0.820867
-0.918272,-0.690266,0.539914
-0.916793,-0.746003,0.486278
-0.914885,-1.123553,-0.383724
-0.914132,-0.090235,0.832545
-0.912620,-0.881804,0.174964
-0.910279,-1.123514,-0.251442
-0.908416,-0.557235,0.547033
-0.906036,-0.375434,0.679087
-0.904175,0.031643,1.003864
-0.902576,-1.420441,-0.506307
-0.900911,-0.297855,0.837449
-0.898359,-0.840741,0.219560
-0.896634,-0.577271,0.522853
-0.894773,-0.817970,0.250446
-0.891814,-1.093186,-0.173812
-0.889681,-1.112598,0.110812
-0.886882,-1.198257,-0.533502
-0.883950,0.208789,0.925098
-0.881196,-1.017647,-0.017908
-0.878415,0.024719,0.988439
-0.875126,-1.129493,0.101924
-0.872737,-1.161629,-0.499360
-0.870905,-1.029337,-0.049267
-0.868478,-0.670274,0.419017
-0.866077,-0.187274,0.782625
-0.863668,-1.225560,-0.618382
-0.861084,0.032898,0.987094
-0.858804,0.116635,1.034840
-0.855027,-1.004783,0.196396
-0.852142,-0.999447,-0.018136
-0.849229,0.043788,0.989372
-0.846989,-0.967783,0.030383
-0.845050,-1.014581,-0.055748
-0.842673,-1.003181,-0.036802
-0.840383,-1.398225,-0.386354
-0.838198,-1.401158,-0.654585
-0.835786,-1.021306,0.186712
-0.832485,-1.126271,0.112159
-0.829295,-1.170303,0.085985
-0.826514,-1.041248,-0.361866
-0.823949,-0.292663,0.706996
-0.821552,-1.254566,0.023936
-0.819358,-0.076176,0.819293
-0.817171,-0.062453,0.923334
-0.815742,-0.284046,0.822174
-0.814944,0.789024,1.289995
-0.814180,0.887935,1.279157
-0.813119,1.108137,1.434601
-0.812332,0.979809,1.333263
-0.811315,-1.379390,-0.484100
-0.810181,1.052697,1.342686
-0.809064,-0.876580,0.127862
-0.807536,1.215511,1.365060
-0.805934,0.822025,1.211331
-0.804708,-1.307197,-0.027650
-0.803149,0.955285,1.441986
-0.801539,-0.344823,0.661589
-0.800294,-1.222918,0.055583
-0.798626,0.846970,1.425069
-0.796928,-0.505718,0.531126
-0.795453,-1.216490,0.062174
-0.793887,-0.154562,0.880862
-0.792572,1.215798,1.487059
-0.791647,1.087640,1.255711
-0.790717,-0.033491,0.827552
-0.789561,-1.062011,-0.493573
-0.788569,-1.299216,-0.845319
-0.787286,-1.321330,-0.044495
-0.786382,1.245091,1.288165
-0.785380,-1.374361,-0.761043
-0.784125,1.185667,1.267064
-0.783010,-0.503322,0.526084
-0.781559,0.841757,1.157567
-0.780306,1.249353,1.279981
-0.779391,1.163562,1.253449
-0.777949,1.221153,1.516658
-0.776510,0.038147,0.964426
-0.774977,-0.293351,0.688359
-0.773514,1.111773,1.522583
-0.772262,0.671726,1.264689
-0.771352,-0.479462,0.658262
-0.769735,1.399352,1.456622
-0.769087,-1.049412,-0.523286
-0.768361,1.186730,1.531899
-0.767516,-1.259422,-0.871183
-0.766712,-0.005212,0.831039
-0.765617,0.084592,0.856884
-0.765212,-1.216520,-0.370915
-0.764373,-0.239431,0.831861
-0.763660,1.282733,1.273339
-0.763072,-0.027065,0.822515
-0.762218,-1.200295,0.084316
-0.761802,-1.323088,-0.323902
-0.760945,0.733274,1.449494
-0.760609,-0.524209,0.616436
-0.759941,1.441073,1.451343
-0.758920,1.443874,1.430422
-0.758395,-0.463015,0.548116
-0.757834,-1.345291,-0.564649
-0.756970,-1.141461,-0.711542
-0.756596,0.684205,1.402921
-0.755731,0.817474,1.126236
-0.754911,-1.244571,-0.890479
-0.754263,0.792779,1.127086
-0.754160,1.268746,1.258090
-0.753536,-0.986905,-0.408662
-0.753158,-1.355321,-0.816193
-0.752689,0.771494,1.129908
-0.752470,1.318748,1.277855
-0.751504,-0.989331,-0.425757
-0.750660,-0.905932,0.041377
-0.749284,0.810308,1.525246
-0.748608,0.218240,0.888645
-0.748266,-1.328835,-0.566114
-0.747445,-1.337040,-0.283044
-0.746152,1.397436,1.524099
-0.745303,-1.154616,-0.445555
-0.744759,-0.213876,0.837301
-0.744032,-1.069312,0.173454
-0.743201,1.015415,1.145470
-0.742276,-0.413675,0.693800
-0.741975,1.093985,1.173354
-0.740743,-1.296555,-0.561618
-0.739909,0.988525,1.135184
-0.739130,-1.328242,-0.272023
-0.738273,-1.313378,-0.892367
-0.737782,1.456335,1.371556
-0.736934,1.183431,1.579657
-0.736236,-1.356483,-0.219684
-0.735638,-0.958562,0.244585
-0.734859,-1.342162,-0.628540
-0.734235,-1.166197,-0.511669
-0.733582,-1.210692,-0.547227
-0.732885,0.923667,1.569666
-0.732059,0.195661,1.044420
-0.731003,0.901962,1.569633
-0.729683,1.386962,1.558204
-0.728452,0.806831,1.549107
-0.727512,-0.317764,0.761563
-0.726677,1.373684,1.287670
-0.725644,0.122603,0.858468
-0.724213,1.011547,1.126819
-0.723468,-0.910533,-0.028427
-0.721984,1.321233,1.255713
-0.720784,1.388617,1.291828
-0.719432,-1.018868,0.209780
-0.718057,-0.561695,0.563775
-0.716952,-1.225711,-0.978850
-0.715515,-0.531330,0.466750
-0.714458,0.099301,0.850300
-0.713578,-1.329093,-0.226643
-0.712564,-0.147713,0.748418
-0.711283,0.413554,1.121117
-0.710195,-1.271592,-0.635083
-0.708956,-0.951486,-0.498057
-0.707934,-1.323198,-0.677419
-0.706938,-0.308082,0.760248
-0.706002,1.274517,1.224141
-0.705015,-1.322187,-0.053890
-0.703789,1.081331,1.134230
-0.702121,-1.322919,-0.693626
-0.700641,-1.323110,-0.879863
-0.698991,0.860483,1.588761
-0.697130,0.613072,1.304760
-0.696079,-1.333086,-0.774614
-0.695270,-1.048422,0.204242
-0.693836,-1.100905,-0.207952
-0.692383,-1.316434,-0.711308
-0.690429,-1.069172,-0.807740
-0.690259,0.344200,1.138179
-0.689931,-1.316177,-0.723228
-0.688446,1.170031,1.161566
-0.687046,-0.441881,0.646723
-0.685672,1.657443,1.384886
-0.684682,0.039520,0.937483
-0.683516,-0.674912,0.292838
-0.682299,-0.869573,-0.006527
-0.681246,-1.321914,-0.817097
-0.680316,1.699742,1.478335
-0.679223,-0.530248,0.446281
-0.677933,-0.256106,0.786465
-0.676818,1.474197,1.595903
-0.675471,-1.064045,0.206928
-0.674193,-0.780716,0.360902
-0.672550,1.136491,1.661630
-0.670909,-0.205602,0.809022
-0.669405,1.553271,1.330925
-0.668751,1.246932,1.663172
-0.667181,0.148901,0.992124
-0.665537,-1.157791,0.158899
-0.663850,0.665344,1.092157
-0.662536,-0.726374,0.206810
-0.661054,-0.864496,-0.223706
-0.659579,0.393442,0.961727
-0.658733,-1.022566,-0.550636
-0.657539,1.742881,1.488072
-0.656623,0.093446,0.835212
-0.655675,-0.816711,0.073640
-0.654967,-1.018109,0.240539
-0.653988,0.598058,1.126669
-0.652819,-1.088747,-1.039292
-0.651814,0.166305,0.998156
-0.650737,0.467857,1.146982
-0.649718,1.356821,1.229813
-0.648511,-1.011706,-0.854071
-0.647289,-0.850519,-0.188078
-0.645443,-1.134562,-1.158368
-0.643894,1.133986,1.127749
-0.643074,1.041565,1.664138
-0.641943,0.457775,1.171571
-0.640758,0.663008,1.073004
-0.639485,-1.065936,-0.129975
-0.638439,-0.225148,0.679169
-0.637496,-0.350805,0.688805
-0.636480,1.307344,1.201846
-0.635577,1.535797,1.615368
-0.634506,-1.078151,-1.111651
-0.633462,-1.164883,-1.172078
-0.632413,-1.050348,0.241893
-0.631562,0.262027,1.055767
-0.630627,1.670000,1.568875
-0.629836,-0.844692,-0.450086
-0.629103,-0.597485,0.345057
-0.628333,1.671146,1.325277
-0.627244,-0.589405,0.483058
-0.626327,-1.288643,0.010847
-0.625556,-1.306761,-0.091258
-0.624547,-0.935374,-0.781529
-0.623473,1.098538,1.687261
-0.622396,-0.206442,0.789431
-0.621458,0.637663,1.350823
-0.620448,-0.958059,0.282474
-0.619356,1.858827,1.434196
-0.618042,-0.987330,-0.919520
-0.617257,0.265920,0.872626
-0.616848,-0.956527,-0.535684
-0.616005,1.432870,1.668682
-0.615388,1.185236,1.142656
-0.614458,-0.959933,-0.870581
-0.613146,1.420172,1.240125
-0.611860,1.408775,1.680936
-0.610706,-0.811502,-0.174783
-0.610093,-1.202054,-0.114617
-0.609648,1.849270,1.489426
-0.608889,-0.781813,0.057413
-0.607928,-0.834756,-0.539705
-0.607347,1.876438,1.457367
-0.606649,-0.993755,-0.978284
-0.606306,-0.809560,-0.270466
-0.605103,-1.133246,-1.217877
-0.604475,-0.948974,-0.880980
-0.603815,-0.770825,0.358675
-0.603486,-1.095478,0.246308
-0.602971,0.573945,1.049060
-0.602369,-0.953210,-0.133199
-0.601603,-1.086067,0.252116
-0.600999,1.732705,1.572188
-0.600344,1.347508,1.206787
-0.599785,-1.279190,0.055947
-0.599575,-1.130919,0.232385
-0.599302,-0.559086,0.493662
-0.598733,-0.765674,0.072965
-0.597506,-1.118343,0.240932
-0.596463,-0.934398,-0.874640
-0.595628,-0.344338,0.573967
-0.594687,1.301287,1.185560
-0.593784,1.228271,1.714384
-0.592682,0.643303,1.326304
-0.591436,-0.589206,0.465360
-0.591204,-1.146930,0.231124
-0.590443,-0.909114,-0.441459
-0.589645,-1.172545,-0.934537
-0.588528,-0.916962,-0.523676
-0.587484,-1.117552,0.251227
-0.586305,-1.043224,-0.071587
-0.585194,-1.174945,0.217961
-0.584400,1.881234,1.508610
-0.583549,0.635140,1.301121
-0.582369,0.446129,1.144356
-0.581716,0.832594,1.033746
-0.580530,0.418881,1.138382
-0.579414,-0.486955,0.548562
-0.578667,-0.975391,0.302818
-0.577977,1.264472,1.169201
-0.577217,-0.442318,0.588581
-0.576293,-0.063287,0.840806
-0.575591,-1.007238,-0.771040
-0.574439,0.989803,1.066327
-0.573786,-1.131348,-0.931174
-0.573036,-1.079334,-1.277568
-0.571967,-1.205562,0.205909
-0.570703,0.186911,0.986953
-0.569905,0.746612,1.491855
-0.568842,1.799125,1.576503
-0.567689,1.710109,1.300759
-0.566282,1.736934,1.303298
-0.565026,1.915666,1.504774
-0.564170,-0.039235,0.848871
-0.563425,-0.883338,-0.489403
-0.562257,0.593990,1.021001
-0.560772,-0.750511,-0.093488
-0.559723,-0.941810,-1.128552
-0.558524,-0.511998,0.394064
-0.556817,-1.173411,-1.023061
-0.555416,-1.047791,-0.873146
-0.554602,0.769868,1.518579
-0.553632,0.844466,1.584758
-0.552805,-0.709305,0.088716
-0.551951,-0.866272,-0.165585
-0.550662,0.518808,0.981816
-0.549693,-0.976802,-0.783903
-0.548685,-1.168366,-0.068997
-0.547782,-0.656946,0.404403
-0.546830,1.716106,1.625413
-0.545707,0.972461,1.647934
-0.544291,1.245251,1.722412
-0.542986,-1.035561,-0.886778
-0.541837,-0.075667,0.720453
-0.540350,0.937053,1.047812
-0.538673,-0.183169,0.767823
-0.537290,-1.174398,-1.172193
-0.536199,0.007348,0.863821
-0.535098,-0.406693,0.473951
-0.533526,1.634293,1.283062
-0.532116,-1.173749,-1.118014
-0.530975,1.558171,1.267726
-0.529566,-1.127476,-0.046114
-0.528080,1.654680,1.286058
-0.526370,-0.833356,-0.866576
-0.525467,-0.944228,-1.304510
-0.524627,0.414584,1.109093
-0.523477,-0.222617,0.630153
-0.522153,-0.764030,-0.640079
-0.521184,0.781531,1.517772
-0.520221,-0.897967,-1.200304
-0.519188,1.664651,1.659312
-0.517842,0.724677,1.407646
-0.516872,-1.254208,0.153903
-0.515480,1.652799,1.664982
-0.514016,-1.164061,0.320994
-0.512156,1.640207,1.284090
-0.511222,-0.866481,0.363452
-0.510027,1.862644,1.604109
-0.508987,-0.670701,0.050430
-0.507450,-1.260401,0.099065
-0.505948,-0.990221,-0.002603
-0.504620,-0.836009,-0.085469
-0.503429,-1.263601,0.032635
-0.501978,-1.103904,0.358336
-0.500757,-0.706358,-0.335066
-0.499419,-0.835159,-1.080415
-0.498545,0.655037,1.265071
-0.497580,-0.756050,-0.710433
-0.496446,-0.768519,0.376603
-0.495375,0.791175,1.518862
-0.494398,-1.102690,-0.020520
-0.493079,-1.109081,-1.104724
-0.492071,1.552296,1.271618
-0.491537,0.747797,1.444272
-0.490552,0.818642,1.548465
-0.489301,-0.842625,-1.133526
-0.488353,0.497964,0.930007
-0.487279,-1.198144,0.327953
-0.486194,1.364638,1.219645
-0.485142,-1.046194,0.394178
-0.484209,-0.753690,-0.775089
-0.483244,1.241619,1.170862
-0.482416,-0.349716,0.492867
-0.481296,0.489133,0.922398
-0.480104,-0.780280,-0.890342
-0.479270,-0.138465,0.766575
-0.478216,-1.027411,-1.421871
-0.477559,1.935277,1.589667
-0.476356,1.037154,1.085683
-0.475295,1.788429,1.306292
-0.474291,0.584740,1.176778
-0.473577,-0.994821,-1.010554
-0.472893,-0.679850,-0.274177
-0.472188,-0.647110,-0.010976
-0.471058,-0.254553,0.700689
-0.470183,-1.022157,-1.432421
-0.469724,-0.958182,0.415922
-0.469289,-0.247157,0.582524
-0.468793,-0.099253,0.674955
-0.467932,-0.876968,0.403908
-0.467383,-0.313084,0.521348
-0.466325,0.815503,1.536303
-0.465761,1.140340,1.129170
-0.464923,-0.123552,0.769015
-0.463792,0.891476,1.598304
-0.463107,-1.007602,-1.447552
-0.462431,0.993335,1.066755
-0.461611,-0.961842,-1.443126
-0.461108,-0.684915,-0.435828
-0.460450,-0.694972,-0.518603
-0.460132,0.720890,0.978219
-0.459288,-0.696779,-0.552290
-0.459083,-0.084013,0.678665
-0.458432,2.009545,1.495500
-0.457837,-0.864120,0.412191
-0.457087,-0.696361,-0.568640
-0.455914,-0.994201,0.440842
-0.455341,0.620858,0.963526
-0.454380,-0.784022,-0.043674
-0.453506,-0.964247,-1.455170
-0.452865,-0.428888,0.544875
-0.451672,-0.867774,0.045086
-0.450840,-1.017404,-1.110326
-0.450840,-1.017404,-1.110326
-0.449917,-1.095002,-1.256806
-0.449416,-0.865044,-0.810409
-0.448453,0.216655,0.800209
-0.447606,-0.891001,-0.874517
-0.446672,-0.914104,-0.930505
-0.446291,1.997482,1.434526
-0.445908,0.063777,0.745024
-0.445646,-0.253435,0.691155
-0.445402,-0.761301,-0.288856
-0.444741,-0.762163,-0.337270
-0.444548,-0.855381,-0.800633
-0.444050,-0.416530,0.551917
-0.443534,-0.867475,0.057169
-0.442395,-0.765762,-0.052531
-0.441458,-0.578690,0.104117
-0.440596,-0.524923,0.215482
-0.439562,0.938032,1.619873
-0.438563,0.982598,1.638779
-0.437611,0.546742,1.140596
-0.437036,1.598162,1.695405
-0.436029,-0.850996,-1.247955
-0.435078,-0.774511,-0.540276
-0.433872,-0.650880,0.414191
-0.432808,-0.827293,0.062124
-0.431492,1.264904,1.201470
-0.430646,1.111674,1.122528
-0.429423,0.292121,0.980416
-0.428190,0.037681,0.723827
-0.426997,-0.967878,0.063507
-0.425890,0.549870,0.928601
-0.424702,-1.233603,0.172540
-0.424235,-1.069543,-1.256208
-0.422879,-1.090559,0.016446
-0.421774,-0.762831,0.029915
-0.420398,-1.043350,-1.214699
-0.419525,-0.839777,0.086927
-0.418415,0.194590,0.922986
-0.417475,0.774045,1.464353
-0.416184,-0.729998,-0.115514
-0.415402,0.995766,1.640485
-0.414243,1.855135,1.664708
-0.413633,0.053831,0.845774
-0.412889,-0.747325,0.423211
-0.411953,0.944499,1.043841
-0.410753,0.344380,1.007600
-0.409657,-1.223416,0.036638
-0.408270,0.654470,1.232339
-0.407157,-0.879039,0.490480
-0.405984,1.661887,1.696784
-0.404903,-0.721907,-0.185556
-0.403911,0.000056,0.693796
-0.402611,-1.014402,-1.221540
-0.401442,0.592800,0.930249
-0.400178,0.344591,1.002328
-0.399487,0.835123,0.988641
-0.398170,-0.885768,0.108643
-0.396783,-0.290105,0.485912
-0.395693,1.364589,1.280476
-0.394492,-1.044908,-1.288327
-0.393451,0.820591,1.520160
-0.392399,-0.283667,0.489189
-0.391263,-0.706100,-0.084022
-0.390045,1.267757,1.222717
-0.389068,1.197924,1.685897
-0.387772,1.509387,1.687144
-0.386715,-0.459068,0.501472
-0.385739,1.762753,1.324026
-0.384899,1.112940,1.129772
-0.384286,0.541280,0.905764
-0.383319,-1.219750,0.202224
-0.382266,-0.981518,-1.533766
-0.380872,-0.529402,0.073201
-0.379752,-0.771837,-1.120470
-0.378461,1.364885,1.681469
-0.376849,-0.588184,-0.140158
-0.375393,-1.038739,0.556798
-0.374437,-0.708125,-0.289786
-0.373319,1.965939,1.405256
-0.372136,1.783417,1.329702
-0.370849,-0.441247,0.235652
-0.369745,-0.651088,-0.735457
-0.368642,-0.675463,-0.829258
-0.367465,-0.768002,0.484463
-0.366259,-0.890449,0.135720
-0.365336,-1.140873,0.454881
-0.364365,-0.416145,0.268321
-0.363307,0.543397,1.109846
-0.362348,-0.638983,-0.634062
-0.361158,0.555640,1.117105
-0.360214,-0.847844,-1.497893
-0.359419,-0.662068,0.040415
-0.358620,0.505315,0.880144
-0.357737,-0.770199,-0.772098
-0.356610,0.786994,1.475010
-0.355545,-0.074837,0.756468
-0.354407,1.290836,1.257563
-0.353511,1.749906,1.337978
-0.352301,-0.958818,0.617176
-0.350943,-1.190497,0.392080
-0.349715,1.905103,1.365040
-0.348359,0.218824,0.746243
-0.347723,0.020477,0.667466
-0.346683,0.784130,0.951714
-0.345255,-0.726355,-0.632403
-0.344228,-0.622549,-0.587409
-0.343356,-0.796809,0.554210
-0.342492,-0.897770,-1.629831
-0.341605,0.821095,0.967060
-0.340694,-1.167541,0.423450
-0.340029,-0.676423,-0.889931
-0.339079,0.932757,1.606995
-0.338098,-0.284560,0.408296
-0.337111,1.342705,1.623844
-0.336181,-0.820019,-1.513440
-0.335212,0.501061,1.069699
-0.334622,-0.663676,-0.854831
-0.333745,1.656402,1.381397
-0.332855,-0.700016,0.484861
-0.332101,-0.719788,-1.045925
-0.331348,1.173427,1.661748
-0.330279,-0.817083,-0.990137
-0.329340,0.715944,1.320424
-0.328285,1.199038,1.659272
-0.327318,1.356580,1.587423
-0.326436,-0.132498,0.570041
-0.325548,0.918312,1.597650
-0.324560,-0.668799,-0.250187
-0.323503,-0.860269,0.659678
-0.322596,-0.748873,-0.789791
-0.321622,-0.888599,-1.674343
-0.320944,-1.148557,0.447009
-0.320133,0.087599,0.679376
-0.319303,-0.647021,0.179146
-0.318609,-0.694490,-0.989842
-0.317820,1.545296,1.572672
-0.316980,-0.010931,0.631246
-0.316294,1.670382,1.689674
-0.315201,-0.841584,0.665738
-0.314248,-1.119769,0.086898
-0.313445,1.166649,1.184145
-0.312576,-0.896061,0.691704
-0.311926,0.278948,0.936772
-0.311443,0.492865,0.848691
-0.310742,-0.444070,0.513723
-0.310025,-0.547632,-0.241640
-0.309693,-0.681287,-0.431796
-0.308882,0.631441,0.892737
-0.308142,-0.914289,0.699475
-0.307763,1.757031,1.362302
-0.307033,-0.504382,-0.046660
-0.307023,-0.846189,0.687678
-0.306632,-0.956640,0.688535
-0.306159,-0.893664,0.704337
-0.305622,-0.771213,-0.903371
-0.305312,0.104737,0.678551
-0.304418,-0.152995,0.535129
-0.303967,1.657261,1.427725
-0.303263,-0.953271,-1.590395
-0.302628,-0.400671,0.174031
-0.302121,-0.393640,0.184401
-0.301703,-0.845009,-1.723844
-0.301703,-0.845009,-1.723844
-0.300999,-0.771961,-0.915482
-0.300439,1.671392,1.680959
-0.299816,1.677497,1.413484
-0.299458,0.498844,0.843371
-0.298622,1.595686,1.617936
-0.297763,1.602789,1.524156
-0.297649,-0.989954,0.680179
-0.297301,-0.831288,0.700866
-0.295986,1.083786,1.116148
-0.294780,-0.616053,-0.092012
-0.293771,-0.130710,0.542001
-0.293240,0.262823,0.737176
-0.292558,-0.807902,0.230787
-0.291623,-0.428028,0.526427
-0.290962,0.905804,1.000073
-0.290325,0.145580,0.688319
-0.289345,-1.194095,0.325918
-0.288626,0.743850,1.403345
-0.287673,-0.781698,-0.970940
-0.286666,0.959094,1.029935
-0.286154,1.691267,1.421507
-0.285719,-0.910201,-1.676275
-0.284977,-0.133281,0.702580
-0.284066,-0.683155,-0.589579
-0.283250,-0.784999,-1.687943
-0.282536,0.169336,0.694557
-0.281713,1.868710,1.384977
-0.280888,-1.150134,0.434692
-0.280282,0.911451,1.592507
-0.279494,0.067432,0.834697
-0.279025,-0.713827,-0.768093
-0.277829,-0.955954,-1.534542
-0.276967,-0.875694,-1.227343
-0.276382,-0.715219,-1.262692
-0.275668,-1.170509,0.397595
-0.274939,0.607710,1.130061
-0.273974,0.041819,0.817692
-0.273261,1.934589,1.619492
-0.272157,-0.587346,-0.710357
-0.271214,-0.670421,-0.536455
-0.270409,1.858362,1.389204
-0.269297,1.941380,1.606691
-0.268013,1.648231,1.586359
-0.267098,-0.562602,0.018343
-0.266028,-1.071164,0.609843
-0.265074,0.902849,0.987919
-0.264174,0.340251,0.958518
-0.263432,-0.650071,0.283851
-0.262377,0.424372,0.998502
-0.261677,-0.196374,0.663362
-0.260764,-0.704411,-0.778449
-0.259897,1.927428,1.434827
-0.258826,-0.443429,-0.005059
-0.258004,-0.082609,0.544815
-0.256975,-0.708352,-1.513419
-0.256151,1.780861,1.401314
-0.255474,0.928877,0.999736
-0.254886,1.198429,1.636535
-0.253992,-0.823951,-1.157043
-0.253201,-0.509670,0.528085
-0.252431,-0.834231,-1.828288
-0.251665,-0.580269,-0.099186
-0.250655,1.111491,1.132395
-0.249810,-0.447730,-0.055225
-0.249012,1.709384,1.618481
-0.247809,1.899122,1.424889
-0.246851,-0.754827,0.748900
-0.245540,-1.170650,0.212082
-0.244307,1.883533,1.420427
-0.243336,-0.618885,0.557039
-0.242264,-0.110451,0.509559
-0.241292,-0.697599,0.310033
-0.240106,0.873148,0.956788
-0.239042,-0.075336,0.533845
-0.237933,-0.888321,-1.364080
-0.236970,-0.596126,-0.207630
-0.235815,1.727286,1.521123
-0.234851,-0.881210,-1.757517
-0.234101,1.749089,1.472095
-0.233254,0.599142,0.831994
-0.232276,0.942851,0.996232
-0.231460,0.426192,0.992145
-0.230680,0.119181,0.645018
-0.230012,-1.154891,0.394689
-0.229005,-0.655498,-1.434199
-0.228001,-0.149064,0.456723
-0.227407,-1.166609,0.361234
-0.226352,0.245904,0.922264
-0.225574,-0.031116,0.554062
-0.224181,-0.523557,-0.514950
-0.223262,0.733308,1.393452
-0.222273,-0.741638,-1.864088
-0.221293,0.377882,0.971249
-0.220118,-0.873675,-1.782273
-0.219057,-0.587787,-0.884464
-0.217854,-0.875704,-1.407740
-0.216717,1.809362,1.459627
-0.215717,0.825619,0.912981
-0.214315,-0.289703,0.620945
-0.213269,1.203309,1.628161
-0.211813,-0.616509,-0.456830
-0.210943,-0.698342,0.344195
-0.209986,-0.675038,-0.796020
-0.208976,-0.624465,-0.508682
-0.208023,-0.413609,0.252141
-0.207271,0.694425,0.844891
-0.206491,0.227582,0.675197
-0.205737,1.319772,1.400160
-0.204798,-0.436315,0.316115
-0.203851,-0.609397,-1.033065
-0.202987,-1.026968,0.710796
-0.202060,-0.605855,-1.274525
-0.201156,-0.337851,0.103880
-0.199950,-0.857371,0.273787
-0.198935,-0.634060,-0.624744
-0.197849,-0.785810,-1.950033
-0.197019,-0.274326,0.634714
-0.195829,-0.750477,0.337926
-0.194936,-0.530564,0.379344
-0.194069,-0.399939,-0.075221
-0.193125,-0.178954,0.355617
-0.191921,-0.843326,-1.874551
-0.190832,-0.596555,-1.233830
-0.189945,0.867980,0.920080
-0.188751,-0.000729,0.548590
-0.187789,0.647836,0.809748
-0.186951,-0.826620,-1.322927
-0.186144,-0.563775,-0.267379
-0.185012,-0.544701,-0.174989
-0.184040,0.959002,0.975688
-0.183120,-0.696698,0.857098
-0.182318,0.249020,0.667521
-0.181605,-0.863244,-1.731828
-0.180755,-0.244471,0.229704
-0.180218,1.237005,1.597320
-0.179411,-0.627883,-0.669715
-0.178647,0.541929,0.756813
-0.177894,-0.033501,0.512957
-0.177075,-0.908708,0.260564
-0.176453,-0.680808,0.850066
-0.175402,1.290488,1.466170
-0.175241,-1.029522,0.708655
-0.174377,0.558791,0.757900
-0.173688,-0.577241,-1.185541
-0.172935,-0.441725,-0.275953
-0.172117,1.104770,1.092946
-0.171464,-0.737757,-2.036579
-0.170779,0.624182,1.126121
-0.170431,-0.521894,-0.782580
-0.169522,-0.367093,-0.052573
-0.168757,1.048850,1.041684
-0.167774,-0.535680,-0.868608
-0.167033,-0.639642,-0.773444
-0.166337,-0.730874,-2.048983
-0.165531,-0.354385,0.324058
-0.164859,-0.482063,-0.536943
-0.163944,-0.613412,-1.551609
-0.163039,-0.669249,-1.949744
-0.162479,-0.699594,-2.046819
-0.161883,-0.002762,0.524808
-0.161174,-0.813565,-1.492230
-0.160450,-0.485752,-0.584292
-0.159643,-0.310565,0.643546
-0.159138,-0.957518,0.247543
-0.158616,-0.466470,0.646741
-0.158220,-0.540697,-1.317833
-0.157610,0.692527,1.243565
-0.157313,0.360847,0.683651
-0.157251,-0.809892,-1.508224
-0.157085,-0.743680,-2.061904
-0.156418,-0.387127,-0.128809
-0.156040,-0.542363,-1.002979
-0.155713,-0.538129,0.696798
-0.155293,1.175940,1.180187
-0.155007,1.246719,1.574498
-0.154780,-0.727021,0.392867
-0.154780,-0.727021,0.392867
-0.154292,-0.521405,-0.876619
-0.153892,-0.679516,-2.050541
-0.153677,-0.545181,0.708853
-0.153345,-0.542233,-1.162127
-0.152640,-0.542376,-1.073566
-0.152182,-0.521784,-0.893410
-0.151813,-0.390039,0.394833
-0.151813,-0.390039,0.394833
-0.151287,-0.294754,0.654847
-0.150903,0.034337,0.545361
-0.150829,-0.757865,0.973054
-0.150123,-0.414410,0.088914
-0.150123,-0.414410,0.088914
-0.149660,0.023348,0.810188
-0.149102,-0.575543,-0.496300
-0.148951,-0.774056,0.975725
-0.148659,-0.709289,-1.083051
-0.148365,0.504382,0.708425
-0.148089,-0.816319,-1.642137
-0.147437,0.593775,1.096684
-0.146533,0.989733,1.634016
-0.146141,1.050271,1.027929
-0.145450,0.639487,0.745739
-0.144779,-0.638149,-1.900687
-0.144309,-0.995167,0.788119
-0.143906,0.391644,0.981026
-0.143527,-0.248711,0.676978
-0.143527,-0.248711,0.676978
-0.142929,-0.420773,0.055565
-0.142279,0.033757,0.536778
-0.141968,0.047985,0.824434
-0.141407,-0.560456,-0.455304
-0.141171,-0.710145,-1.100779
-0.140338,-0.715653,-1.116408
-0.139404,-0.585975,0.797356
-0.138684,0.461923,0.686142
-0.137971,-0.555975,0.765857
-0.137096,1.257396,1.260736
-0.136099,0.795939,0.808069
-0.135414,0.370186,0.976848
-0.135178,0.848886,1.583172
-0.134495,-0.649922,0.452223
-0.133523,-0.723011,-1.149241
-0.132620,-0.303640,0.335163
-0.131868,-0.776257,-1.401856
-0.131130,-0.568449,-0.526164
-0.130429,-0.573081,0.807002
-0.129693,-0.388785,0.666990
-0.128836,0.771385,0.778053
-0.128115,-0.674537,0.450087
-0.127947,0.645566,1.146156
-0.127793,-0.493925,-0.971337
-0.126775,0.868392,0.843453
-0.125822,-0.689584,-2.157942
-0.125235,-0.495081,-1.100967
-0.124692,0.789988,0.779483
-0.123972,-0.322854,0.212633
-0.123244,-0.707632,1.008764
-0.122621,-0.488133,-1.013228
-0.121800,0.807198,0.784212
-0.121141,-0.394308,-0.270214
-0.120299,-0.630291,-0.893677
-0.119595,-0.717196,-1.167898
-0.118397,-0.471330,-0.119336
-0.117783,-0.582089,-0.671438
-0.116986,-0.585172,-0.693373
-0.115972,-0.763109,-1.513926
-0.115387,0.555936,0.666614
-0.114545,-0.368936,0.103824
-0.113627,0.748455,0.729642
-0.112573,0.454229,0.649331
-0.111551,0.162409,0.570353
-0.110723,-0.780729,-1.729075
-0.109626,1.123475,1.063641
-0.108756,-0.752984,-1.428582
-0.107858,-0.384015,0.458648
-0.106898,-0.433895,0.727885
-0.105705,0.322552,0.603324
-0.105150,-0.574033,-0.683707
-0.104152,0.612724,0.651990
-0.103102,0.097268,0.884261
-0.102121,0.249324,0.958158
-0.101369,0.740028,0.694476
-0.100629,-0.514350,-1.443864
-0.099637,-0.315009,0.708437
-0.098860,0.010392,0.823953
-0.098186,-0.442015,-0.671109
-0.097430,-0.728510,1.052337
-0.096517,-0.477177,0.513082
-0.095922,0.825200,0.736413
-0.095300,-0.261808,0.372455
-0.094429,-0.791546,-1.881714
-0.093573,1.250167,1.216844
-0.092681,-0.150297,0.247761
-0.091520,-0.767185,-1.787590
-0.090611,-0.556005,-1.689264
-0.089883,-0.716066,-1.329369
-0.089008,-0.718435,-2.203877
-0.087919,-0.563287,0.533912
-0.086792,1.309257,1.423551
-0.085821,0.058902,0.476199
-0.084947,-0.262561,0.257931
-0.084120,-0.535452,-0.567812
-0.083302,-0.572617,0.997662
-0.082420,-0.540272,-1.601434
-0.081417,-0.726602,-1.667914
-0.080578,-0.511576,0.871437
-0.079471,0.721482,1.458571
-0.078404,1.220851,1.166013
-0.077473,-0.510730,-1.488939
-0.076588,-0.689151,0.507657
-0.075813,-0.569494,-2.128810
-0.074878,-0.108438,0.783337
-0.074036,-0.294010,0.743802
-0.073134,-0.274668,-0.089151
-0.072340,0.853355,1.606408
-0.071703,0.772077,0.659675
-0.071122,-0.710398,-1.657668
-0.070330,-0.590448,0.556814
-0.069710,-0.790619,1.066302
-0.068851,0.647810,1.143301
-0.068117,-0.393556,-1.276670
-0.067248,-0.370678,-1.191849
-0.066215,-0.216172,0.764752
-0.065124,0.609566,0.583589
-0.064242,-0.663385,-1.203185
-0.063368,-0.670719,0.536120
-0.062299,-0.615064,-2.409844
-0.061727,-0.072814,0.307318
-0.060738,-0.510730,0.571488
-0.059870,1.242361,1.173540
-0.058970,0.024667,0.867249
-0.058206,0.803680,1.582657
-0.057238,0.694058,1.305802
-0.056366,-0.426796,-1.373084
-0.054847,-0.646058,-1.173428
-0.053931,-0.314219,0.492595
-0.053444,-0.385471,-0.761351
-0.052676,1.261649,1.550028
-0.051831,0.976269,0.825614
-0.050878,0.691095,1.290396
-0.049946,-0.359291,-0.890694
-0.049075,-0.544570,-2.143579
-0.048455,-0.297346,-0.199139
-0.047601,1.313662,1.451035
-0.046924,-0.982351,0.373909
-0.046340,0.572483,1.079296
-0.045776,0.598812,0.546692
-0.045149,-0.551776,-2.332693
-0.044496,0.460287,0.503194
-0.043784,-0.314531,-1.022726
-0.043161,0.749946,0.600511
-0.042433,-0.999313,0.709296
-0.041885,-0.524416,-1.877406
-0.041222,-0.315469,0.802182
-0.040450,-0.186292,0.362504
-0.039706,-0.713502,0.546318
-0.039052,-0.426433,0.578189
-0.038485,-0.658778,-1.391665
-0.038045,0.415755,0.469330
-0.037346,-0.504976,-0.630210
-0.036854,-0.558869,-0.898957
-0.036055,-0.283736,-1.060055
-0.035031,-0.556766,-2.437168
-0.034276,1.303867,1.275586
-0.033574,-0.250255,0.473826
-0.032786,1.319289,1.430503
-0.032203,-0.349731,0.842487
-0.031540,1.320082,1.419753
-0.030866,0.056508,0.363254
-0.029736,-0.195456,-0.015552
-0.028974,-1.000595,0.648377
-0.028272,-0.732044,1.141272
-0.027897,-0.050059,0.272816
-0.027276,-0.514338,0.631180
-0.026567,-0.724989,-2.158589
-0.025929,-0.543003,-0.874376
-0.025059,0.382163,1.040164
-0.024453,1.010710,0.809120
-0.023656,-0.482965,-1.531038
-0.023177,0.303041,0.431160
-0.022736,0.358904,1.039655
-0.022161,0.844912,0.628954
-0.021634,-0.288237,-0.875544
-0.021174,-0.721487,1.153326
-0.020748,-0.271944,-0.924947
-0.020256,1.311812,1.284132
-0.019872,-1.002817,0.552877
-0.019376,1.247196,1.116060
-0.018956,0.673348,1.192060
-0.018488,-0.336048,-0.021863
-0.017856,-0.519091,1.136887
-0.017451,-0.319315,0.864309
-0.016944,1.230237,1.580745
-0.016452,-0.745002,1.144011
-0.016061,-0.263646,-0.895978
-0.015592,1.261058,1.138454
-0.015220,1.107835,0.890682
-0.014887,-0.240181,0.847532
-0.014398,1.310847,1.266093
-0.013931,-0.227980,-1.059729
-0.013441,1.009607,0.788789
-0.012954,-0.868607,1.011335
-0.012630,-0.154035,0.341429
-0.012124,-0.074366,0.216523
-0.011697,0.164122,0.350240
-0.011284,0.726469,0.533719
-0.010824,-0.731585,0.574530
-0.010364,-0.248921,-0.886550
-0.009975,-0.750158,0.562021
-0.009497,0.213125,0.364695
-0.009118,0.812536,0.573532
-0.008645,1.250976,1.101272
-0.008240,0.074612,0.995396
-0.007948,-0.457549,1.099763
-0.007370,-0.646903,0.632334
-0.007045,-0.506610,-2.121079
-0.006750,-0.533802,-2.670291
-0.006502,-0.545329,1.173013
-0.006090,1.223850,1.022930
-0.005842,-0.530557,-2.643414
-0.005503,-0.320623,-0.632908
-0.005349,0.790293,1.585864
-0.005264,-0.428873,-1.444997
-0.004707,-0.212923,0.487899
-0.004639,-0.245128,-0.221621
-0.004566,-0.531270,-2.680532
-0.004270,-0.218243,-0.901338
-0.003862,0.236933,0.363756
-0.003679,-0.551040,-2.767691
-0.003568,-0.053820,0.223789
-0.003335,-0.536966,-1.015192
-0.003109,-0.397406,0.995449
-0.002952,-0.531256,-2.694557
-0.002411,-0.553358,-2.781066
-0.001957,1.219346,1.002335
-0.001530,-0.507144,1.160823
-0.001097,-0.536630,0.675253
-0.000516,0.342617,0.398038
-0.000264,-0.430923,1.081855
-0.000106,-0.803229,0.535182
-0.000046,1.089419,0.841824
0.000134,0.455372,0.430389
0.000528,-0.591283,-1.365673
0.000601,0.780699,0.540827
0.000922,-0.514312,-0.936598
0.001208,0.796570,0.547926
0.001305,-0.404640,-0.331332
0.001592,-0.515696,-0.952276
0.001888,-0.490380,-1.906229
0.002282,-0.821671,1.077490
0.002699,-0.331372,-0.064489
0.003129,-0.604123,-2.649277
0.003576,-0.083906,0.166301
0.004180,-0.626448,-2.588559
0.004644,-0.560406,-2.803443
0.005024,1.290154,1.171893
0.005501,-0.305715,-0.575227
0.006021,1.176469,0.921100
0.006486,1.006368,0.751371
0.006836,-0.974341,0.582930
0.007314,-0.441066,-0.512069
0.007753,-0.170165,-0.891078
0.008311,0.274563,0.356422
0.008925,0.402225,0.399343
0.009303,-0.316941,0.942357
0.009856,-0.448394,-0.589177
0.010372,-0.403160,-0.358672
0.010620,0.338480,0.378036
0.011107,-0.625787,0.668946
0.011608,-0.577600,-1.387699
0.012205,-0.045088,0.197653
0.012729,-0.519084,0.695531
0.013159,-0.580513,-1.640356
0.013804,-0.785810,0.567051
0.014427,-0.556623,-2.828755
0.014905,-0.186720,-0.839050
0.015426,1.091198,1.644487
0.016140,-0.541265,-2.831403
0.016850,-0.706766,0.630120
0.017511,1.155192,0.878568
0.017976,-0.859009,0.523786
0.018760,0.793862,1.592638
0.019409,-0.875519,0.996817
0.019996,0.904837,0.603945
0.020674,0.506130,0.412613
0.021426,-0.297761,-0.045835
0.022086,-0.119355,-0.891746
0.023058,-0.456296,-1.550659
0.023945,-0.508320,-1.157545
0.024631,-0.271239,-0.491924
0.025381,-0.458578,-0.809549
0.026084,-0.610523,-2.765705
0.026550,-0.007357,0.993981
0.027284,-0.458034,-0.824359
0.028293,-0.870851,0.533575
0.028816,-0.171028,0.174375
0.029753,0.773644,1.575187
0.030366,-0.405120,-0.436797
0.031109,-0.903628,0.532023
0.031587,-0.088766,0.042608
0.032062,-0.626878,-2.130774
0.032722,-0.862822,0.544176
0.033471,-0.224085,-0.307719
0.034132,0.674706,1.238260
0.034653,-0.018273,0.172426
0.035156,-0.417516,-1.478366
0.035879,-0.508961,-2.888198
0.036476,-0.556719,-1.670667
0.037149,-0.660971,1.232847
0.037872,0.300802,0.302791
0.038466,-0.579241,-1.926285
0.039311,-0.446218,-0.929674
0.039968,-0.343814,1.067966
0.040666,-0.553856,-1.642473
0.041373,-0.501378,-1.314185
0.042070,-0.422892,-0.724225
0.042724,0.611808,0.394893
0.043378,-0.472298,-2.882053
0.044076,-0.557183,-1.800687
0.044895,0.770536,0.427556
0.045800,1.166766,1.617678
0.046478,0.346738,0.301979
0.047285,-0.157132,0.515270
0.048139,0.994158,0.655247
0.048998,-0.329014,0.649512
0.049818,0.930605,0.556166
0.050757,-0.046109,1.012318
0.051409,-0.216990,-0.588178
0.052172,-0.406635,-0.746253
0.052955,-0.321581,-0.235130
0.053721,-0.595414,-2.158103
0.054747,-0.408850,-0.907388
0.055574,1.271139,0.870025
0.056437,1.257376,1.499151
0.057183,1.089947,0.734313
0.058071,0.336057,1.102932
0.058989,1.293338,0.883673
0.059756,0.471675,0.318735
0.060524,-0.583586,-2.908826
0.061095,0.927252,0.516489
0.061651,-0.368644,0.702462
0.062233,-0.491717,-1.367021
0.062757,-0.352638,-1.406475
0.063324,-0.475794,-2.371853
0.063973,-0.283608,-0.166385
0.064650,0.380428,0.268156
0.065220,-0.579314,-2.148726
0.065870,-0.459850,-3.011757
0.066490,-0.675846,0.729694
0.067360,-0.423548,-1.549264
0.068280,-0.626541,-2.481010
0.069134,-0.530217,-1.623670
0.069887,0.312965,1.111535
0.070661,-0.474018,-3.028937
0.071605,-0.876529,0.957825
0.072298,-0.027554,0.416855
0.073171,-0.000068,-0.868780
0.074153,1.351326,0.999431
0.074960,-0.133703,-0.603776
0.075739,0.229618,1.108084
0.076560,0.662012,1.179451
0.077232,1.015710,0.621159
0.078152,0.983444,0.572293
0.078821,0.969139,1.647800
0.079677,-0.909045,0.682158
0.080386,0.510721,0.254717
0.081169,-0.272867,0.666084
0.081871,-0.430053,-2.671570
0.082481,-0.112754,0.521961
0.083030,-0.515029,-1.574336
0.084134,-0.349884,-1.060095
0.084822,-0.620697,-2.586092
0.085424,1.238539,1.493575
0.086064,0.695821,1.431424
0.086722,1.137812,0.718032
0.087412,1.365434,1.030158
0.087949,-0.592498,-2.335316
0.088690,-0.441622,-2.225142
0.089354,-0.051558,-0.611907
0.089907,1.181907,0.737623
0.090289,1.252250,0.768559
0.090946,-0.417801,-2.687657
0.091773,0.992534,0.554133
0.092315,0.418934,0.205970
0.092991,-0.737908,1.187468
0.093475,0.785492,1.585649
0.094027,0.034371,-0.854080
0.094753,-0.020441,0.290492
0.095428,-0.051246,-0.443558
0.096152,-0.084389,0.521557
0.096734,0.041259,-0.460756
0.097522,0.051878,0.033007
0.098068,0.657000,1.167079
0.098730,-0.372464,-1.203212
0.099603,-0.051671,-0.186085
0.100228,0.369399,1.127638
0.100812,-0.318089,1.225115
0.101436,0.936565,0.448578
0.102127,-0.300970,-0.635163
0.102825,-0.598209,1.310058
0.103574,0.959076,0.477708
0.104191,0.663881,1.229761
0.104654,-0.537794,-2.139715
0.105260,1.035469,0.585825
0.106032,0.427826,0.158644
0.106729,-0.568204,-2.317766
0.107493,1.427027,0.905743
0.107991,0.161399,1.125666
0.108767,1.426856,0.853784
0.109362,1.260315,1.366831
0.109959,-0.865633,0.757158
0.110797,-0.412330,-2.126623
0.111451,-0.039800,-0.228612
0.111958,-0.090820,1.104798
0.112287,-0.431782,-2.508118
0.112840,-0.409957,-2.079955
0.113441,-0.281064,-0.514138
0.113987,0.695000,0.101078
0.114627,0.097231,-0.563959
0.115287,-0.414351,-2.605903
0.115622,0.842228,0.256956
0.116145,0.311784,0.102253
0.116762,0.786763,0.172178
0.117265,0.069321,0.291724
0.117707,0.919723,0.389165
0.118160,-0.478647,0.841369
0.118571,-0.016410,-0.280224
0.119038,-0.343690,-2.910669
0.119375,0.107825,0.314717
0.119853,0.131701,-0.346491
0.120208,0.827917,0.218230
0.120681,0.428422,1.105037
0.121246,0.132224,-0.684929
0.121926,1.245850,1.357710
0.122204,-0.742836,1.172664
0.122679,1.397543,1.015107
0.122993,-0.426058,-2.296006
0.123416,1.250994,1.340509
0.123806,0.965781,0.451522
0.124238,-0.238900,1.207559
0.124594,-0.637560,1.296885
0.124882,-0.560676,-3.086639
0.125523,-0.609955,-2.781014
0.126000,0.370141,0.077570
0.126602,-0.403141,1.343199
0.127074,1.225666,1.393720
0.127319,-0.401177,-1.979465
0.127827,1.201947,1.460781
0.128367,-0.835617,0.952535
0.128916,0.424328,0.061853
0.129435,0.899818,0.328718
0.129951,1.441314,0.826267
0.130333,-0.243811,-1.283008
0.130711,0.584093,-0.032286
0.131114,-0.213081,0.702318
0.131512,0.636246,-0.016875
0.132144,0.094345,1.138947
0.132616,-0.593204,-2.588045
0.133073,0.458265,0.018188
0.133237,-0.387317,-1.778324
0.133771,-0.513479,-2.140569
0.134136,0.071259,-0.858848
0.134607,-0.196185,0.695847
0.134990,-0.250868,-1.300559
0.135336,-0.558097,-3.099263
0.135619,1.429171,0.805859
0.135860,1.409495,0.790230
0.136206,0.202548,-0.558297
0.136629,0.155266,-0.712478
0.136953,-0.244111,0.734622
0.137479,0.085830,-0.242665
0.137996,-0.413382,-2.304035
0.138331,0.204350,-0.588626
0.138777,-0.044192,1.139719
0.139096,0.063041,-0.229742
0.139435,-0.533095,1.357877
0.139840,0.081948,-0.231777
0.140172,-0.385057,-3.110692
0.140456,-0.387402,-2.113787
0.140652,0.218210,-0.469625
0.140839,0.223400,-0.399079
0.140964,-0.771496,0.829910
0.141339,-0.388483,-2.003796
0.141670,-0.440826,0.866857
0.141861,0.252720,-0.192853
0.142121,-0.376200,-2.643743
0.142341,0.251499,-0.229973
0.142629,-0.389473,-2.194341
0.142836,0.226290,-0.454616
0.143103,-0.742051,1.158938
0.143384,0.177108,-0.692637
0.143645,0.010146,0.547176
0.143979,0.155683,-0.100427
0.144246,0.234155,-0.063187
0.144342,0.172737,-0.704275
0.144547,1.402773,0.775706
0.144766,0.624919,-0.102719
0.145084,-0.365076,-3.100277
0.145408,-0.150470,-0.784918
0.145508,-0.393059,-2.573036
0.145973,-0.328145,-3.042302
0.146342,-0.261625,0.764678
0.146616,-0.388178,-2.588966
0.146959,0.653860,-0.089012
0.147189,-0.243930,0.750452
0.147568,-0.399661,-1.364676
0.147648,1.239837,1.277211
0.147662,0.675687,-0.070976
0.147876,1.194765,1.374057
0.147970,0.948780,0.383601
0.147997,-0.224111,0.734840
0.148265,0.696291,-0.051379
0.148611,-0.395950,-2.263214
0.148952,-0.271039,0.778367
0.149184,-0.267673,-1.110599
0.149341,0.209825,0.328947
0.149612,-0.553494,-2.451372
0.149705,0.366137,-0.051810
0.149971,-0.128250,-0.646941
0.150227,-0.129007,-0.741010
0.150375,1.297614,1.166726
0.150486,1.401224,1.002361
0.150573,0.181442,0.482704
0.150791,-0.371277,-1.723461
0.151158,0.266935,-0.425487
0.151636,-0.455556,0.887074
0.151902,-0.322819,0.827679
0.152174,-0.180088,0.707716
0.152623,0.110796,0.524774
0.152906,-0.182087,-0.328007
0.153200,-0.160213,-0.505062
0.153613,-0.111159,-0.677280
0.153918,-0.611890,-2.850732
0.154531,-0.320443,-2.806017
0.154924,0.841007,1.612774
0.155244,-0.295336,-2.931963
0.155304,-0.402353,-2.376430
0.155576,0.025757,0.096996
0.155811,0.609651,-0.142387
0.156303,0.528564,-0.190824
0.156397,0.601739,1.059473
0.156820,0.503082,-0.207013
0.157117,-0.114361,0.667686
0.157665,-0.137644,-0.508196
0.158244,-0.085540,1.171744
0.158770,-0.590931,-2.711802
0.159297,-0.299102,-1.441908
0.159863,-0.031941,-1.028725
0.160265,0.293093,-0.489841
0.160860,-0.777003,0.905603
0.161312,-0.106672,-0.760837
0.161458,-0.717106,1.197090
0.161916,1.147245,1.440590
0.162373,0.898982,0.254442
0.162800,-0.571488,-2.593817
0.163300,1.290568,1.144187
0.163640,1.113363,0.571067
0.163987,0.396034,-0.335184
0.164386,-0.090056,-0.732162
0.164831,1.444511,0.915713
0.165538,-0.361881,-1.319595
0.165927,1.391694,0.747530
0.166339,-0.548349,1.372846
0.166645,-0.144990,1.218474
0.166994,-0.728829,0.909859
0.167416,1.271444,1.158073
0.167991,0.123312,0.549321
0.168305,0.602628,-0.191677
0.168801,-0.121221,0.694211
0.169242,-0.665235,0.927425
0.169741,-0.261379,-1.143326
0.170189,-0.501631,0.925613
0.170691,0.915028,0.280244
0.171004,0.965562,0.377438
0.171511,-0.581084,0.938318
0.171915,-0.153016,-1.193454
0.172581,-0.419520,-1.481873
0.172985,1.202450,0.633715
0.173474,-0.391458,-1.401135
0.174092,-0.099874,-0.170990
0.174829,-0.024981,-0.028845
0.175463,-0.130204,1.224927
0.176088,1.107226,1.485485
0.176901,-0.288337,-1.210750
0.177417,0.414740,1.122192
0.177833,-0.510670,0.938553
0.178489,0.941467,0.325990
0.179013,-0.481170,-2.184257
0.179633,-0.481981,-2.200847
0.180313,-0.320099,-3.117748
0.180933,-0.482392,-2.217335
0.181487,0.826452,0.054461
0.181890,-0.348976,-1.916730
0.182468,-0.612625,-2.897627
0.183165,-0.637978,-3.025662
0.184049,0.459809,1.065555
0.184824,0.186264,0.141639
0.185635,1.298871,0.678106
0.186300,0.504301,-0.333453
0.187117,-0.732797,1.075033
0.187935,1.172035,1.254903
0.188580,1.184457,1.228821
0.189087,-0.279684,-2.790584
0.189835,1.059979,0.476324
0.190632,-0.675756,0.978155
0.191311,-0.172149,0.759810
0.191945,0.631150,1.073303
0.192698,0.078239,-0.433706
0.193264,-0.045328,-0.306561
0.193811,0.431258,-0.462751
0.194288,0.327049,0.459549
0.194733,-0.048802,-0.160970
0.195255,0.498576,1.033721
0.195748,0.522558,-0.357179
0.196353,0.302498,0.326283
0.196822,0.648516,1.124905
0.197327,0.009154,-0.313042
0.197905,0.196696,0.591222
0.198371,0.299016,0.297875
0.198934,-0.024817,-0.750051
0.199402,-0.572054,-2.749427
0.200019,-0.526949,1.400225
0.200759,0.779459,-0.055120
0.201437,-0.636266,-3.029168
0.202032,-0.316193,-1.660228
0.202810,0.657304,1.264776
0.203671,-0.330119,0.909686
0.204453,-0.023162,-0.250569
0.205080,-0.207398,-1.342231
0.205746,0.054245,-0.284343
0.206679,0.667547,1.318828
0.207425,0.774396,1.549508
0.208097,-0.455297,-2.201861
0.208732,0.023674,-0.254157
0.209708,0.320734,0.573068
0.210504,0.321766,0.281987
0.211350,-0.192392,-1.111089
0.212169,1.246672,1.093015
0.213083,0.136894,0.015827
0.213878,0.088977,-0.243828
0.214619,-0.239458,1.409991
0.215360,0.334800,0.251786
0.216478,0.046332,-0.097809
0.217119,-0.220112,-2.855627
0.217782,1.150813,1.205191
0.218593,1.074159,1.394157
0.219405,0.045350,-0.150879
0.219979,0.225891,-0.815908
0.220607,-0.493229,-2.495879
0.221126,-0.414643,-1.669996
0.221592,-0.526535,-2.633059
0.222077,0.138486,1.227120
0.222717,1.389051,0.696337
0.223043,0.163526,1.227172
0.223684,0.651923,1.188830
0.224181,1.470582,0.807651
0.225019,-0.403738,0.969470
0.225660,-0.555002,-2.758637
0.226445,-0.437554,1.450476
0.227133,0.196178,-0.225275
0.227876,-0.422570,-1.920453
0.228755,-0.350551,-1.425512
0.229424,1.204306,0.564998
0.230095,1.394636,0.932714
0.230837,1.126800,0.494388
0.231560,0.898922,0.124869
0.232301,-0.052511,-1.156495
0.233078,0.801916,-0.069430
0.233893,-0.480341,-2.503555
0.234608,-0.325255,-3.236593
0.235233,-0.190470,-2.949255
0.236053,-0.266418,-2.678285
0.236873,-0.583223,-2.876106
0.237804,-0.324313,0.950250
0.238965,-0.187175,-2.870897
0.239892,-0.450451,-3.251250
0.240911,0.109926,1.245814
0.241616,-0.079540,-1.214656
0.242497,-0.085133,-1.226387
0.243308,-0.282587,-1.318482
0.244050,-0.329069,0.960776
0.245031,0.501850,-0.553272
0.245646,0.043903,-0.747330
0.246214,0.203529,-0.366385
0.246847,0.707423,-0.273133
0.247470,-0.107809,-1.276094
0.248057,0.386628,0.358340
0.248571,-0.442243,-2.416844
0.249128,0.278223,-0.847587
0.249486,-0.049000,-1.192901
0.250008,1.246232,0.574958
0.250641,1.178185,1.096126
0.251161,0.041459,-0.763154
0.251938,0.298410,-0.099093
0.252587,0.491856,0.980581
0.253253,-0.394554,-2.053958
0.254332,0.378535,0.087264
0.254843,0.753015,-0.197075
0.255668,0.377894,-0.751808
0.256394,-0.530261,1.082129
0.256999,0.430847,0.499512
0.257730,-0.060663,1.351363
0.258167,0.133749,-0.556995
0.258958,0.400299,0.147052
0.259707,-0.187902,-1.489319
0.260492,1.330787,0.948255
0.261154,-0.501757,1.437858
0.261883,-0.218195,-3.125030
0.262558,0.365868,-0.794670
0.263242,0.402185,1.100080
0.264097,-0.620090,1.155653
0.265113,-0.219157,-1.618649
0.265960,-0.534962,-2.805366
0.266627,0.820255,-0.075812
0.267324,0.873592,1.553731
0.267831,0.236475,0.705779
0.268453,-0.172114,-2.814675
0.269184,0.020674,0.727272
0.269744,1.406055,0.670612
0.270334,-0.159259,-2.839302
0.270812,0.067607,1.287699
0.271255,-0.247848,-1.797076
0.271662,-0.247238,-1.861657
0.272025,-0.411627,-2.399050
0.272513,-0.385037,-2.256743
0.273049,0.111904,1.279095
0.273541,1.421395,0.680564
0.273969,0.814556,-0.094243
0.274555,0.310198,-0.178185
0.275151,1.055924,1.240145
0.275636,-0.019732,1.354425
0.275834,-0.227715,-1.703537
0.276220,0.520910,-0.645964
0.276742,-0.179628,1.498909
0.277100,0.429391,0.394081
0.277489,0.191059,0.719367
0.277828,-0.126555,-2.927291
0.278333,0.326294,-0.160429
0.278738,-0.365942,-2.117977
0.279234,0.357587,-0.099527
0.279708,0.962623,2.414741
0.280200,-0.154434,-1.499682
0.280643,-0.613914,-3.089237
0.280955,0.103115,1.291544
0.281351,-0.610753,-3.027789
0.281791,-0.216734,-2.664861
0.282196,-0.365186,-1.787516
0.282678,0.851795,-0.034047
0.283259,-0.263743,-2.430840
0.283772,-0.369681,-2.247858
0.284255,0.847733,2.400521
0.284744,0.724728,-0.310666
0.285171,-0.367436,-1.871184
0.285644,-0.246280,-3.267769
0.286069,-0.217260,-1.299511
0.286370,0.051664,-1.189229
0.287001,0.020163,-0.870190
0.287122,-0.101081,0.837863
0.287387,-0.484792,-3.258047
0.287598,-0.213773,-1.727020
0.288032,-0.216742,-2.154855
0.288424,0.933364,2.490281
0.288748,-0.242280,-2.330026
0.289127,-0.247995,-2.364061
0.289372,1.039128,2.491324
0.289852,0.925989,2.331477
0.290231,-0.218197,-3.222191
0.290652,0.687891,-0.406621
0.290801,0.528939,-0.697643
0.291049,0.051068,-1.205214
0.291381,0.117679,1.302219
0.291790,0.370350,0.777102
0.292200,-0.365163,1.516476
0.292368,0.474338,0.905140
0.292752,0.975768,2.330916
0.292907,-0.192026,-1.681852
0.293362,0.131037,-1.126669
0.293783,0.878480,2.334709
0.294073,-0.000498,-1.269307
0.294460,0.104021,-1.159014
0.294692,1.003329,2.518739
0.295173,0.068253,0.743204
0.295562,0.659074,-0.476732
0.296145,-0.043753,1.443317
0.296515,0.922967,2.518406
0.296802,0.445473,0.142793
0.297065,-0.244797,-2.524372
0.297306,-0.267679,1.546503
0.297370,1.098756,2.454794
0.297506,0.312170,-0.983241
0.297889,-0.496437,1.138876
0.298147,-0.244778,-3.318512
0.298456,0.394185,0.807350
0.298591,0.548893,-0.701421
0.298698,-0.091830,-1.416318
0.298813,-0.200240,-2.161718
0.299023,0.344212,-0.956737
0.299023,0.344212,-0.956737
0.299180,0.495687,0.619474
0.299334,-0.117932,-3.035237
0.299622,0.573895,-0.654903
0.299917,0.143736,-0.636699
0.300208,0.373950,0.803984
0.300374,-0.335484,-2.004890
0.300622,0.284519,-0.273000
0.300946,0.806227,2.365722
0.301194,1.080836,2.517565
0.301376,0.494539,-0.794568
0.301608,0.673992,1.314546
0.301837,-0.413413,1.090538
0.302176,1.053018,2.363537
0.302383,0.996915,1.382666
0.302639,0.248365,-1.053837
0.302932,1.075508,0.380971
0.303143,1.345273,0.902564
0.303185,0.331925,-0.208628
0.303262,0.317054,-1.009261
0.303585,-0.103043,-2.863245
0.303769,0.171951,-0.560704
0.303832,-0.108307,-2.850789
0.303958,0.490097,0.549822
0.304190,-0.288092,-1.556893
0.304464,0.094269,-1.201573
0.304798,0.460312,0.263870
0.305165,1.079257,2.388882
0.305594,0.599165,-0.627698
0.305975,0.482238,-0.825102
0.306233,1.419567,0.858638
0.306556,-0.264452,-3.401676
0.307029,1.085613,0.387010
0.307267,0.809375,2.477425
0.307723,-0.206938,-2.597377
0.308155,-0.136486,-2.774527
0.308594,-0.130534,-2.788012
0.308824,-0.101310,-1.153835
0.309012,0.486405,0.500694
0.309565,-0.323242,-2.012552
0.310166,-0.321109,1.542839
0.310453,-0.183989,-2.042201
0.310615,-0.104705,-3.057073
0.311006,0.953106,1.490055
0.311230,1.095219,0.392975
0.311617,-0.260944,-1.517437
0.312074,-0.218605,-2.395549
0.312672,-0.584820,-3.147585
0.313152,0.026110,-1.300484
0.313661,1.283197,0.938632
0.314124,-0.270239,-1.554488
0.314711,0.078132,1.364588
0.315049,0.183332,-0.558212
0.315641,-0.350538,-2.346604
0.316255,-0.590428,1.315834
0.316800,-0.106393,1.543451
0.317423,-0.216732,-3.390223
0.317820,-0.586821,1.326261
0.318266,-0.406557,-3.331230
0.318730,-0.594541,-3.045304
0.319122,0.311132,0.824267
0.319542,-0.004193,-1.364302
0.319926,0.905080,2.574016
0.320382,0.688204,-0.474695
0.320859,1.410379,0.853759
0.321491,0.747108,1.438287
0.321920,0.846579,1.496596
0.322425,-0.457879,1.479804
0.322942,1.066514,2.338913
0.323609,-0.564337,1.220441
0.324115,0.956394,0.233768
0.324609,0.925508,2.599287
0.325180,0.037003,-0.906158
0.325583,-0.026651,-1.022975
0.326038,0.470215,-0.939449
0.326503,-0.586633,-3.037940
0.327052,0.169808,-0.616801
0.327476,0.546405,-0.812083
0.327858,-0.146091,-3.210951
0.328293,0.247445,0.817277
0.328593,-0.095486,-1.608787
0.329010,0.196276,-0.556849
0.329368,0.095280,0.797319
0.329775,0.518549,-0.875517
0.330294,1.192857,0.997735
0.330832,0.224247,0.814576
0.331179,-0.332187,-3.414141
0.331532,0.488474,0.327448
0.332064,0.592123,-0.749859
0.332538,1.176547,2.467494
0.333083,-0.178435,-1.404323
0.333616,0.452309,-0.999624
0.334193,-0.523429,-3.221207
0.334580,0.058571,-1.344862
0.335069,1.362777,0.867705
0.335721,0.977131,1.348000
0.336205,0.366129,1.059551
0.336613,0.133940,1.368222
0.337223,0.870534,0.005339
0.337653,-0.531988,-3.210047
0.338254,0.766756,-0.272845
0.338921,0.861103,1.476673
0.339919,0.634812,0.974635
0.340769,1.011714,1.215825
0.341325,0.870307,0.014857
0.341866,0.782602,1.449341
0.342755,-0.085371,1.588219
0.343346,-0.506912,1.210685
0.343986,0.954245,1.416114
0.344637,-0.280057,-2.125634
0.345355,-0.511139,-2.917788
0.346118,0.315790,-1.205332
0.346721,-0.183771,1.611274
0.347328,-0.560568,1.266767
0.347966,0.360915,-0.220015
0.348725,0.475059,-1.033165
0.349559,1.015398,1.187787
0.350368,1.113151,0.385079
0.351011,0.354150,1.050098
0.351550,0.041615,-0.953197
0.352171,0.337815,-0.256890
0.352659,0.941567,1.420756
0.353266,1.048970,1.118324
0.353979,1.277246,0.512880
0.354545,-0.092775,-1.910708
0.354971,-0.095323,-2.132463
0.355331,-0.072784,-1.794303
0.355761,-0.150769,-1.435239
0.356202,0.391603,-1.185447
0.356667,0.269219,-1.271664
0.357187,0.066385,-1.449782
0.357691,0.304662,1.267361
0.358216,0.064657,-1.464250
0.358877,-0.326156,-2.454274
0.359533,0.067630,0.837583
0.360331,0.786530,-0.222405
0.361128,0.371750,-0.209715
0.361729,-0.023899,-3.121159
0.362315,0.567025,0.643930
0.362978,0.639176,0.961993
0.363611,-0.076361,-2.216573
0.364128,-0.081749,1.623890
0.364756,-0.103457,-2.407388
0.365383,1.111949,0.376301
0.366013,1.096432,1.044849
0.366858,-0.082289,-2.315953
0.367741,0.085748,-0.866346
0.368329,0.357790,-0.243238
0.369106,-0.103409,-1.344573
0.369678,-0.235846,-1.932041
0.370412,0.104712,-1.505286
0.371167,-0.033751,-1.799576
0.371658,0.155526,-0.723394
0.372405,0.758978,-0.330297
0.373236,0.016908,-2.920336
0.373835,0.343148,1.203457
0.374654,-0.040490,-1.921248
0.375387,-0.298259,-2.408806
0.376030,0.630318,-0.779818
0.376694,-0.086628,-2.508214
0.377231,-0.008271,-1.127083
0.377866,1.009663,0.279212
0.378505,1.110933,2.332880
0.379035,1.114086,0.372261
0.379680,-0.149178,-1.528832
0.380376,1.236616,2.509140
0.380836,1.061348,1.071477
0.381331,0.964238,2.686158
0.381940,-0.253892,-2.210706
0.382396,0.647267,1.014573
0.383063,0.646527,0.998048
0.383542,0.084349,1.577200
0.384080,-0.234181,-2.132207
0.384636,0.005324,-1.850430
0.385327,0.033175,-2.926821
0.385906,0.002531,-1.929500
0.386463,-0.206957,-1.910656
0.387066,-0.451310,1.237256
0.387711,0.366414,-0.237077
0.388290,1.139909,0.982918
0.388892,1.128088,0.380767
0.389394,0.007173,-2.757979
0.389801,-0.106441,-1.457445
0.390463,0.899715,0.117714
0.390989,-0.533163,-3.182916
0.391577,0.053275,-1.807041
0.392265,0.607448,-0.892122
0.392729,-0.529052,1.400609
0.393337,0.125816,1.544266
0.393851,0.177715,1.447650
0.394422,0.668994,-0.690765
0.394906,0.077757,-1.903954
0.395457,0.394322,-1.380227
0.395989,-0.076646,-3.392286
0.396444,0.051489,-2.062679
0.396970,0.822900,-0.103211
0.397454,0.341737,-1.461532
0.398053,0.236740,-1.667634
0.398598,0.727227,2.244856
0.399205,0.048537,-2.142830
0.399775,0.553286,0.429705
0.400672,0.840948,2.657130
0.401381,0.340934,-1.525199
0.402153,0.153080,-1.890817
0.402867,0.234608,0.964389
0.403300,0.632401,-0.839019
0.403658,0.577329,-1.032499
0.404149,0.171018,1.491247
0.404756,0.155257,-1.922429
0.405424,-0.090750,-3.445212
0.406013,0.646738,2.355588
0.406598,1.393355,0.575340
0.407128,1.259867,2.521032
0.407730,-0.149193,-1.719931
0.408415,0.600227,0.647877
0.408902,0.067589,-1.010630
0.409386,-0.362031,1.203479
0.409803,0.678172,-0.685152
0.410233,0.145196,1.580133
0.410637,0.389021,-1.519952
0.410948,0.060333,-3.084502
0.411442,0.356336,-1.594883
0.411957,0.380813,-1.546812
0.412548,0.353310,-1.610099
0.413120,0.719191,2.515353
0.413533,0.539824,-1.166579
0.414207,0.980254,0.230053
0.414812,0.561733,-1.118906
0.415411,-0.309357,-2.545052
0.415890,0.564052,0.420387
0.416477,0.785251,2.602560
0.417040,-0.299034,1.159796
0.417611,0.102925,-2.203846
0.418211,0.060061,-2.741748
0.418735,1.101226,2.315594
0.419445,-0.351689,1.208637
0.420133,-0.288880,-2.497518
0.421073,0.794731,2.219845
0.421695,0.581806,0.527132
0.422442,0.157938,-2.077671
0.422711,0.661890,-0.771564
0.423155,0.075887,-3.059942
0.423637,0.112800,-0.927576
0.424258,-0.060591,-1.458690
0.424755,1.141579,2.635980
0.425393,0.047684,-3.175229
0.425924,0.520645,-1.272178
0.426475,0.656278,-0.807097
0.427299,0.682562,-0.690717
0.428111,-0.430089,-2.925445
0.428836,0.207156,-0.667004
0.429295,0.221465,1.457743
0.429558,0.936424,1.275346
0.430129,-0.462841,-3.013917
0.430708,1.199416,0.888206
0.430898,-0.093503,0.990925
0.431227,0.644416,1.034264
0.431769,0.097135,-2.351893
0.432309,0.261408,-1.905264
0.432877,-0.392621,-3.349423
0.433391,0.498934,-1.382789
0.433960,1.218245,0.443452
0.434436,-0.340327,1.583770
0.434782,0.939787,1.256417
0.435126,0.595504,-1.084294
0.435568,0.051070,0.943423
0.435837,0.647217,0.967069
0.435993,-0.443852,-2.989146
0.436216,-0.251675,1.141622
0.436262,0.647487,0.950683
0.436564,-0.075157,0.988483
0.436655,0.647383,0.934383
0.437159,0.232952,1.449300
0.437616,1.108111,2.313010
0.438013,-0.241587,-3.481720
0.438519,-0.470776,1.472691
0.438899,0.702744,-0.615966
0.439251,0.638013,0.774298
0.439790,0.591730,0.516995
0.440250,0.243665,-0.589660
0.440573,0.221505,-2.039208
0.441182,0.904608,0.118258
0.441492,0.112388,-2.372403
0.441870,0.663694,-0.799439
0.442373,0.156889,1.714525
0.442672,0.559835,-1.225172
0.442838,0.132817,-2.321359
0.443454,0.666594,-0.783317
0.443922,0.536137,-1.311290
0.444403,0.371763,-1.734294
0.444936,1.089468,0.981002
0.445279,-0.377562,1.263484
0.445583,0.054521,-3.232621
0.445708,0.742358,-0.430056
0.446366,0.023943,0.967424
0.446640,0.110724,-2.805106
0.446729,0.507273,-1.412104
0.447236,0.102844,-2.677890
0.447621,-0.237506,1.143195
0.447825,0.159913,0.996771
0.448142,0.339352,-1.813901
0.448410,0.212708,-0.675487
0.448736,0.345502,-1.802401
0.449058,-0.377935,-2.837452
0.449318,0.179330,1.716775
0.449514,0.638265,1.113737
0.449886,0.796207,-0.150153
0.450238,0.135050,0.985825
0.450695,0.451343,-1.564550
0.450930,0.365732,-0.242931
0.451196,-0.166346,-2.139935
0.451693,1.181123,2.626105
0.451985,0.644380,1.157402
0.452349,0.640456,1.052682
0.452754,-0.330798,-3.424018
0.453310,0.016787,1.748531
0.453510,-0.008898,-1.380862
0.453863,0.158172,-0.811012
0.454212,0.015937,0.981543
0.454459,0.579396,0.352272
0.455011,-0.274027,-2.538370
0.455421,0.247270,1.452424
0.455546,0.040103,0.978455
0.455964,-0.409457,-2.965842
0.456337,1.195065,2.620576
0.456526,0.336628,-1.843546
0.456944,0.641022,1.143024
0.457619,0.668802,2.469885
0.458129,0.512480,0.142643
0.458567,-0.121464,-1.922471
0.459168,0.622085,0.616998
0.459844,-0.407769,-2.976576
0.460565,-0.332778,1.247567
0.460712,1.210486,2.613305
0.461193,0.774312,1.364998
0.461863,0.641506,0.757838
0.462419,-0.231148,-2.430733
0.462881,0.116672,-2.940504
0.463337,0.648420,0.886686
0.463800,-0.407498,1.302236
0.464255,0.145684,-2.402813
0.464670,0.914770,0.124616
0.465218,0.228090,-2.124747
0.465599,0.538562,-1.385658
0.466057,0.166507,1.781626
0.466752,-0.134150,1.066273
0.467416,0.326680,-1.899180
0.468062,0.610023,2.346368
0.468546,0.136316,-2.609523
0.469201,0.694221,2.512139
0.469497,-0.101751,1.734018
0.470104,0.333223,-0.288775
0.470740,0.000506,-1.405394
0.471347,0.635051,1.092080
0.471970,1.115359,0.918433
0.472507,0.184229,-0.756716
0.473146,0.958360,1.151389
0.473507,0.256528,1.102459
0.474057,1.457836,0.686623
0.474699,0.493167,0.074358
0.475176,1.331610,2.440018
0.476088,1.302255,2.547420
0.476865,1.238225,2.353776
0.477446,0.560164,-1.343264
0.477982,0.588076,-1.230802
0.478579,-0.053568,1.761407
0.479294,0.279996,1.392045
0.479952,0.213304,-0.704002
0.480742,0.942210,1.179448
0.481705,0.723273,-0.488630
0.482367,0.146583,-2.658794
0.483108,-0.006477,-1.490207
0.483765,0.626836,0.570010
0.484258,-0.225243,1.178189
0.484961,0.810188,-0.080889
0.485451,-0.221049,1.670720
0.486128,0.641911,2.447099
0.486995,-0.295296,-3.435648
0.487755,-0.467355,-3.154108
0.488551,0.308137,-2.002208
0.489091,0.649000,0.807932
0.489540,-0.314327,-3.413886
0.490146,-0.365045,-2.957749
0.490538,0.632814,1.076230
0.491144,0.142764,-2.925145
0.491889,1.047995,0.278465
0.492427,-0.256860,-2.592009
0.493071,0.034976,-1.335373
0.493902,0.803845,2.622750
0.494696,-0.181109,-2.352238
0.495306,0.658187,2.473566
0.495872,0.582563,2.158222
0.496454,0.655976,-0.967856
0.497164,0.190283,-2.388646
0.497815,0.714995,-0.481725
0.498281,0.647605,-0.999308
0.498962,-0.340488,-2.897740
0.499796,0.313736,-0.312873
0.500598,0.369578,-1.874168
0.501373,-0.242244,-2.568420
0.502444,0.849259,2.646370
0.503076,0.805257,-0.093682
0.503970,0.132012,-3.218304
0.504876,0.608951,2.409920
0.505730,0.601556,-1.235606
0.506497,1.032732,2.669128
0.507056,0.261384,1.635380
0.508022,0.125262,1.076596
0.508770,-0.458102,1.456011
0.509522,0.955139,0.151432
0.510366,0.351716,-0.268465
0.511166,0.655220,-0.975236
0.511798,-0.012385,-1.603700
0.512466,0.140738,-0.971342
0.513014,0.651085,0.731435
0.513544,-0.422258,-3.217034
0.514355,1.233197,2.336583
0.514853,1.245943,2.343479
0.515416,0.600779,2.400409
0.515989,1.417098,0.711344
0.516656,-0.119150,-3.512716
0.517275,-0.317217,-2.889803
0.518049,-0.044257,1.791700
0.519011,0.234079,-0.707293
0.519686,1.041478,2.664452
0.520337,0.274928,1.659728
0.521079,0.512479,-1.526974
0.521683,0.861042,2.191733
0.522389,0.035067,-1.430349
0.522927,0.640574,1.143030
0.523513,0.113494,-3.308592
0.524106,0.265489,-2.189926
0.524716,0.317889,-0.314845
0.525422,0.353525,1.845798
0.526086,-0.418675,1.518598
0.526793,0.586632,2.357679
0.527610,0.889432,2.657557
0.528398,0.653347,-0.971417
0.529419,-0.176310,1.186403
0.530236,0.638772,0.961996
0.530987,-0.163752,-2.392215
0.531886,0.625492,-1.145119
0.532937,1.247973,2.644569
0.533737,0.061346,-1.291058
0.534271,-0.407269,-3.177440
0.535039,0.990726,1.007887
0.535705,-0.224357,1.240586
0.536586,1.430597,0.599417
0.537237,0.222986,-2.414101
0.537953,0.388734,-1.891216
0.538675,0.266285,-0.600229
0.539218,0.643261,1.144443
0.539718,-0.004564,-1.656812
0.540405,0.813952,1.283925
0.541156,0.161540,1.134681
0.541781,0.499802,0.077121
0.542413,0.935205,2.221484
0.543046,0.997163,0.991174
0.543522,0.628667,1.077108
0.544120,0.343113,1.991579
0.544923,0.197270,-0.812406
0.545856,0.603721,2.417907
0.546682,-0.404637,1.528116
0.547222,1.074555,0.303837
0.547973,0.328413,1.985507
0.548601,1.332759,2.390038
0.549338,-0.249401,1.665213
0.550019,0.178565,1.902213
0.550764,0.854604,-0.030847
0.551427,-0.062366,1.140875
0.552059,0.640005,0.945278
0.552760,1.329401,2.592423
0.553509,0.369193,-1.968402
0.554106,0.185600,-2.948376
0.554866,1.147501,0.838717
0.555675,0.183656,-2.979337
0.556621,0.314770,1.986195
0.557278,0.512563,2.179585
0.557936,-0.244438,-2.742197
0.558726,0.424526,1.885278
0.559560,0.663123,0.705721
0.560340,0.207127,-2.694436
0.561049,-0.239097,1.286089
0.561695,0.504998,0.080132
0.562392,-0.003238,-1.719814
0.563137,0.906765,1.099511
0.563715,-0.036227,1.817349
0.564138,0.652922,0.874420
0.564704,0.207288,-2.756902
0.565356,0.234033,-2.499930
0.566042,-0.247028,-2.786237
0.566506,0.207770,-2.768740
0.566945,0.359530,-2.016514
0.567224,0.388129,-1.938967
0.567857,1.405418,2.477123
0.568437,0.628016,1.014462
0.569200,0.358453,2.034109
0.569556,0.676308,-0.715680
0.570426,1.228925,0.460011
0.571082,0.297585,1.393033
0.571399,-0.423078,1.466023
0.571838,0.049919,1.867097
0.572227,0.059599,1.147840
0.572967,0.219371,-2.656632
0.573389,0.742179,2.107179
0.573829,0.320212,-2.141342
0.574418,0.747223,-0.284706
0.574995,0.192317,-0.861166
0.575547,-0.124097,1.763638
0.575961,0.503850,-1.617590
0.576575,0.267872,-2.327979
0.577034,0.163677,-1.051355
0.577630,0.866662,2.177326
0.578236,0.269025,-0.642817
0.578986,0.319486,2.014464
0.579638,-0.288849,-3.042277
0.580306,0.237654,-2.550321
0.580904,0.029402,-1.638718
0.581670,0.171544,-1.019568
0.582226,0.289361,-2.264963
0.583020,-0.056735,-2.106990
0.583737,0.635990,0.954265
0.584181,0.644525,-0.864087
0.584621,0.941645,2.632251
0.585375,0.261280,-0.709987
0.585532,-0.252740,-3.353709
0.585532,-0.252740,-3.353709
0.585907,0.208088,-2.915561
0.586454,1.402228,2.430632
0.587222,0.184878,-0.895626
0.587731,0.494482,2.190056
0.587731,0.494482,2.190056
0.588031,0.345460,2.043664
0.588132,-0.413265,1.456744
0.588402,0.230741,-2.650962
0.588919,0.648514,1.129141
0.588919,0.648514,1.129141
0.589203,0.974938,0.145572
0.589726,0.361739,-2.048967
0.590075,-0.249169,-2.923326
0.590308,-0.219799,1.303741
0.590463,0.201975,-2.984351
0.590547,0.200255,-3.080636
0.590973,0.365994,-2.038342
0.591276,0.503018,0.041479
0.591391,1.402360,2.518021
0.591816,0.200855,-3.016278
0.592205,0.724968,-0.361264
0.592710,0.553024,1.976725
0.593200,0.655214,0.379907
0.593466,0.505662,2.211194
0.594094,-0.094345,-2.271956
0.594652,0.379460,-2.002907
0.595141,0.678688,1.172911
0.595707,0.989707,2.632759
0.595920,0.835266,1.158438
0.596137,0.198424,-3.224498
0.596235,-0.256481,-2.987578
0.596873,-0.140605,1.238841
0.597351,0.996196,0.181226
0.597615,0.653400,0.362626
0.597739,0.331943,2.042589
0.598272,0.059100,-1.519092
0.598719,1.423360,2.462690
0.599268,0.702500,2.073569
0.599719,0.159610,-1.093268
0.599948,-0.266705,-3.048106
0.600131,-0.256145,-3.005253
0.600241,1.111454,0.835710
0.600739,1.091373,2.641875
0.600981,0.467126,1.900993
0.601356,0.661589,-0.733036
0.601872,0.494810,-1.650787
0.602056,-0.260751,-3.215681
0.602298,-0.256743,-3.231888
0.602380,1.267950,2.641582
0.602641,0.671121,0.724071
0.603106,0.345083,-2.125811
0.603425,-0.233000,1.685132
0.603749,-0.268511,-3.122644
0.604201,1.098550,0.843312
0.604709,-0.265219,-3.154232
0.605167,-0.326738,1.606081
0.605572,0.188184,-0.910807
0.606213,1.242696,2.647839
0.606664,1.407041,0.612474
0.606948,0.183515,-0.964624
0.607443,0.343705,-2.138303
0.607797,-0.158682,1.269329
0.608318,0.106137,-1.358033
0.608844,1.007110,2.628353
0.609158,0.690085,0.591845
0.609820,0.610676,-1.098994
0.610447,-0.142604,-3.464598
0.611030,0.125097,1.204916
0.611606,0.341514,-2.153714
0.611966,0.729463,-0.354167
0.612556,-0.376388,1.410867
0.613325,0.181149,-1.048035
0.613975,0.501304,-1.639817
0.614233,1.429606,2.467608
0.614886,0.295042,1.383387
0.615674,0.148982,-1.158736
0.616350,0.196004,-0.905285
0.616800,0.415012,-0.190249
0.617326,0.568828,-1.394108
0.617590,1.401268,0.618344
0.617941,-0.224485,-3.237380
0.618536,0.632696,1.047538
0.618890,1.390338,0.666907
0.619267,-0.389118,1.485577
0.619694,0.474806,1.899025
0.620272,0.534669,2.272841
0.620543,-0.116315,-3.465811
0.621006,0.927652,2.203194
0.621658,0.721847,-0.372557
0.622314,0.038762,-1.704011
0.622713,0.654160,-0.689139
0.623084,0.599330,-1.128110
0.623719,0.463522,-0.103674
0.624316,0.217694,-0.850237
0.625114,0.655253,-0.620864
0.625719,0.066110,-1.625263
0.626356,0.431878,-1.893067
0.626935,0.194480,-0.957030
0.627274,-0.122196,-2.465085
0.627750,1.342356,0.695057
0.628608,0.941333,0.097397
0.629409,0.846951,-0.083884
0.630148,0.522373,-1.595929
0.630743,0.186761,-1.057682
0.631342,0.591899,2.377181
0.631955,-0.216614,-3.103423
0.632612,0.199286,-3.233033
0.633233,0.704065,-0.428915
0.633970,0.002262,-2.006966
0.634592,0.227685,1.281570
0.635214,0.236667,-0.810905
0.636465,0.610374,1.999515
0.637176,0.206108,-3.213340
0.637926,0.772363,1.171449
0.638909,0.643928,-0.659617
0.639462,0.073128,-1.632717
0.640123,1.135393,0.412762
0.640942,0.897533,2.183835
0.641659,1.173850,0.448024
0.642580,0.203965,-0.985050
0.643321,1.074712,0.837805
0.643753,0.123901,-3.366384
0.644371,0.336164,-2.255055
0.645064,0.692443,2.462464
0.645682,1.429669,2.452019
0.646413,0.130172,1.950804
0.647203,1.325653,2.608561
0.648138,-0.162616,1.321043
0.648827,0.101608,-3.386549
0.649606,0.548872,0.053191
0.650313,0.706648,0.621110
0.651168,0.681627,2.450364
0.651782,0.735547,-0.305355
0.652354,0.292327,-0.649080
0.652778,1.088410,2.625974
0.653553,0.281076,1.370478
0.654216,0.219531,-3.083131
0.654904,-0.076878,-2.346935
0.655485,0.298128,-2.528058
0.656283,0.133344,-1.379888
0.656959,1.026651,0.268052
0.657752,-0.001639,-2.077052
0.658675,0.640132,0.958624
0.659526,0.481941,1.888077
0.660404,0.633570,-0.653422
0.661460,-0.162318,-2.740562
0.662173,0.473797,2.221940
0.663109,0.879062,1.028175
0.663812,0.728629,2.469033
0.664575,1.308105,0.689900
0.665347,0.475608,-0.155975
0.665937,-0.140243,-3.269118
0.666757,0.686404,-0.441354
0.667434,-0.161046,1.749175
0.668369,0.117594,-1.494310
0.669104,0.899530,2.182979
0.670008,1.051539,0.842291
0.670950,0.277395,-2.747097
0.671638,0.371748,2.125937
0.672328,0.033524,-1.906695
0.673076,0.298105,2.071579
0.673994,0.326879,-0.571992
0.674552,0.905726,0.976496
0.675229,1.231428,2.630146
0.675754,0.649002,2.012426
0.676508,1.206267,2.630766
0.677254,0.039776,-1.877511
0.678261,-0.100922,1.796953
0.679214,1.380158,2.560991
0.680041,0.216808,-1.045503
0.680725,0.383254,-2.163495
0.681417,0.493452,-1.666792
0.681996,0.719186,0.628361
0.682835,0.322058,-2.511839
0.683622,-0.111611,-3.220647
0.684416,-0.133560,-2.963185
0.685363,0.860782,2.156855
0.686128,0.212758,-1.073984
0.687032,-0.061512,1.292672
0.687935,0.345362,-0.546930
0.688617,0.616674,0.102130
0.689262,0.954601,0.156658
0.690351,0.363134,2.126938
0.691298,0.530869,-1.455197
0.692224,0.206715,1.331423
0.693243,0.070332,1.283244
0.694165,1.253498,0.533111
0.694911,-0.086057,-3.348182
0.695680,-0.081588,-3.366689
0.696306,0.562165,-1.139546
0.697001,0.501199,-0.166883
0.697766,0.566264,-1.011362
0.698385,0.507024,1.895976
0.698932,0.715561,2.439911
0.699734,0.672801,-0.391897
0.700460,-0.093275,-3.145359
0.701480,-0.094919,-3.099830
0.702127,-0.039248,-3.404031
0.702571,1.082161,0.416303
0.703262,-0.037462,-2.303598
0.704086,0.442047,1.821759
0.704849,0.808231,1.059395
0.705321,1.060476,0.814585
0.706096,0.754979,2.079230
0.706738,0.910221,0.942451
0.707435,0.217246,-1.115532
0.708269,0.186222,-1.286628
0.708835,0.143637,-1.530145
0.709576,0.124670,1.966915
0.710243,0.682432,2.025426
0.710972,0.354896,-2.433939
0.711562,1.082546,0.794499
0.712240,0.213823,-1.184158
0.712871,0.022593,1.301484
0.713645,-0.325073,1.540749
0.714519,0.696163,0.193626
0.715244,1.185112,2.620066
0.716224,0.479176,2.240705
0.717093,1.121185,2.615241
0.718074,1.242937,0.545767
0.718891,0.810879,2.477693
0.719321,-0.058872,-3.142313
0.719923,0.502351,-1.627005
0.720696,-0.105979,1.795658
0.721242,0.907362,0.933879
0.722047,-0.302691,1.467879
0.722692,0.134320,1.976356
0.723135,0.621650,-0.489122
0.723704,0.195957,-3.181542
0.724230,0.710802,-0.221928
0.724583,0.503143,1.882127
0.725264,0.678779,0.917010
0.725727,1.057855,0.414351
0.726273,-0.094654,-2.622081
0.726718,-0.036232,-3.210409
0.727117,0.887051,0.947424
0.727796,0.492127,2.252337
0.728301,0.697439,0.156987
0.728684,0.197832,-1.321425
0.729306,0.484867,-0.323173
0.729700,1.397881,2.536949
0.730272,0.067827,-1.937751
0.730976,0.069830,-1.924431
0.731602,0.834498,2.484514
0.731995,0.075136,1.321882
0.732947,0.620478,0.005898
0.733433,0.992697,2.568563
0.734095,0.050623,1.321805
0.734546,0.872345,0.954833
0.735132,0.851336,2.491177
0.735520,0.185214,-3.190768
0.735844,0.197271,-1.354447
0.736223,0.928383,2.531101
0.737033,0.524046,-1.320329
0.737517,0.240823,-1.136930
0.737965,0.211877,-1.297184
0.738247,-0.028411,1.335388
0.738674,0.098434,1.332383
0.739189,0.890978,0.933349
0.739543,-0.081286,-2.598358
0.739905,-0.081015,-2.646876
0.740568,0.255399,-3.022908
0.741111,-0.024295,-3.031422
0.741754,0.238112,-1.202019
0.742518,-0.053874,-2.819894
0.743296,0.669674,-0.249116
0.744167,-0.004527,-3.204757
0.744667,0.389289,-0.652390
0.745093,0.644252,-0.299547
0.745502,0.473186,-0.410177
0.746082,0.449402,-1.988225
0.746417,0.209478,-1.344383
0.746717,0.200652,-1.381904
0.747197,0.133726,-3.249781
0.747580,1.237293,0.573763
0.747980,-0.237178,1.437425
0.747980,-0.237178,1.437425
0.748449,0.546220,-0.258223
0.748881,0.039235,-3.288991
0.749087,0.339648,-0.796770
0.749327,0.531073,-0.793611
0.749594,0.018335,-3.254783
0.749711,0.236704,-1.245330
0.749998,0.834648,0.078906
0.750067,0.785986,0.456148
0.750359,-0.119012,1.385531
0.750616,1.040006,2.263380
0.750858,0.254973,1.425425
0.751033,0.034151,-3.274207
0.751300,0.725719,0.125925
0.751361,0.652232,-0.245542
0.751416,0.514264,-1.367303
0.751575,0.512427,-1.059802
0.751717,0.511971,-1.028738
0.751814,0.437837,-0.527653
0.752050,-0.040411,-2.398366
0.752119,1.259538,0.627767
0.752312,0.077231,-3.280318
0.752562,0.972507,0.861803
0.752787,0.514453,-0.902112
0.753008,0.515880,-0.870449
0.753096,0.654340,-0.229716
0.753135,0.256527,-3.021180
0.753686,0.330902,1.589174
0.753905,0.567253,-0.246786
0.754090,0.543337,-0.674132
0.754357,1.133268,0.521998
0.754667,0.565140,-0.263594
0.754805,0.640834,-0.059551
0.754892,0.169949,-1.591019
0.755156,0.462117,-0.485813
0.755427,0.730348,0.999326
0.755853,0.610022,2.343583
0.756147,0.033836,-2.162435
0.756416,0.436188,-0.580274
0.756979,0.617307,-0.138595
0.757235,0.036669,-3.248094
0.757566,1.158047,2.316403
0.757896,0.641051,-0.093133
0.758148,0.658692,-0.163189
0.758423,0.532498,-0.395777
0.758577,0.660801,-0.146255
0.758762,0.634932,-0.208669
0.759029,0.006475,-3.012885
0.759326,0.034081,-3.231346
0.759536,-0.082602,1.376968
0.759799,0.194209,-1.501245
0.760154,0.100798,1.351340
0.760659,0.465826,-1.779025
0.761078,0.091073,1.949329
0.761324,0.500187,-1.577779
0.761635,-0.294180,1.545366
0.761951,0.999479,0.372429
0.762486,0.499134,-1.133936
0.762874,0.456622,-0.585786
0.763229,0.521978,-0.607304
0.763693,0.499272,-0.894926
0.764027,-0.054265,-2.533625
0.764555,0.843348,2.138301
0.764898,0.208851,1.397668
0.765150,0.720850,0.956579
0.765551,0.762841,0.649006
0.765883,1.083236,2.282008
0.766498,1.009819,0.426727
0.767015,0.796895,0.317463
0.767504,0.817925,0.173586
0.767903,0.129055,1.978437
0.768435,0.505130,-0.764566
0.769000,0.503112,-1.390577
0.769609,0.182476,-1.598901
0.770304,0.047230,-3.173471
0.770690,0.762485,0.663676
0.771040,-0.190252,1.426759
0.771396,0.042042,-3.125462
0.771852,0.423671,1.767129
0.772374,0.634402,2.355293
0.772962,0.339228,-0.954358
0.773665,0.363951,-0.875765
0.774198,0.017443,-2.888751
0.774653,0.356294,-2.675842
0.775204,0.485983,-0.790589
0.775824,0.096238,-1.952634
0.776463,-0.280161,1.519730
0.777073,0.874870,0.222658
0.777616,0.197453,1.400478
0.778297,0.833277,0.468712
0.779107,0.997870,0.475458
0.779761,0.836857,0.370428
0.780311,1.292318,2.579097
0.781018,0.033605,-2.928757
0.781660,-0.023105,-2.658823
0.782138,0.765981,2.072960
0.782736,0.328181,-2.777923
0.783385,0.859184,0.419214
0.783896,0.432720,1.775221
0.784276,0.949222,0.375201
0.785168,0.446875,-1.057215
0.785800,-0.263021,1.618842
0.786334,0.775723,0.892293
0.787073,0.775425,2.080539
0.787500,0.495230,1.851173
0.788071,0.926643,0.377646
0.788860,0.360638,-2.668417
0.789432,-0.014472,1.867103
0.790329,0.430554,2.203619
0.791362,0.242316,-1.423626
0.792364,0.902837,0.476027
0.793016,1.073018,2.586733
0.794364,1.327359,2.551235
0.795536,0.242883,-3.015929
0.796362,-0.158071,1.424907
0.797702,1.067077,0.767752
0.798543,0.476128,-1.412105
0.799698,0.101100,1.957078
0.800711,0.583513,1.926631
0.801596,0.694539,2.385585
0.802583,0.775662,0.799629
0.803472,0.425106,2.198327
0.804414,-0.265180,1.556700
0.805518,0.788858,0.710544
0.806265,1.347091,2.530557
0.807219,1.096640,0.591268
0.808101,0.037623,-2.688159
0.808866,0.400170,1.717901
0.809912,0.091883,-2.066223
0.810933,0.173763,-1.749287
0.811827,-0.122321,1.418227
0.812642,0.169345,-1.766653
0.813740,0.379506,-2.566539
0.814556,0.703573,2.014954
0.815699,0.102870,-2.887291
0.817063,0.341662,1.615802
0.817990,0.473264,-1.594497
0.819365,0.185425,-1.738598
0.820770,0.155007,1.411382
0.822345,-0.025974,1.854018
0.823925,0.925769,2.203159
0.825140,0.014730,-2.395721
0.826085,0.262104,-1.552652
0.827557,0.940525,0.825534
0.828271,0.636513,2.338757
0.829224,1.046000,0.598351
0.830402,0.306538,-1.464923
0.831422,0.368143,-1.392473
0.832779,1.016768,2.255208
0.834023,0.035514,1.900965
0.835319,0.221256,1.454884
0.836700,0.196560,-1.753960
0.837663,1.217679,2.345547
0.839022,0.978013,2.532114
0.839927,0.331876,1.599569
0.841133,0.906871,2.493168
0.842486,0.109632,-2.072634
0.843658,0.760538,2.058147
0.845451,-0.185023,1.697795
0.847033,0.854539,0.682156
0.848726,0.446576,-1.877409
0.849745,0.400521,2.173490
0.851400,0.635490,2.331113
0.852669,0.422998,1.738766
0.854037,0.044927,-2.427588
0.855190,0.130189,-2.037292
0.856511,0.448855,1.770952
0.857746,0.205212,-1.795523
0.859268,0.280958,-2.735275
0.860818,0.274139,2.077710
0.862305,0.378991,2.155780
0.863618,1.088410,2.563470
0.864522,0.059046,-2.434160
0.865399,0.409512,-2.289066
0.866875,-0.037204,1.831415
0.868251,1.227797,2.350629
0.869795,0.285734,-2.621525
0.871517,1.169432,2.320103
0.873191,0.165043,1.443960
0.875325,0.079016,-2.377611
0.877030,0.344764,1.624028
0.878447,0.557256,2.271218
0.879870,0.347037,-2.461945
0.881296,0.208006,-1.872806
0.882679,0.103844,-2.493531
0.883947,0.298429,1.556104
0.885624,0.173736,-2.544424
0.886459,-0.145527,1.463999
0.887756,0.931099,2.212292
0.889265,0.115395,-2.259904
0.890671,0.158729,1.448414
0.891337,0.514019,1.838356
0.892166,1.013798,2.253886
0.893975,0.238892,-2.521678
0.895340,0.251163,2.053566
0.896454,0.819336,2.434683
0.896777,0.651581,2.328360
0.897421,0.215120,-1.915295
0.898723,0.985294,2.517281
0.898911,0.037700,1.426052
0.899290,0.261310,-2.476495
0.899398,0.183222,-2.011872
0.899605,0.158602,-2.473739
0.900458,0.425832,-1.927294
0.901706,0.181196,-2.474560
0.901842,0.363112,-2.320867
0.902770,0.207561,-2.474078
0.903290,0.417637,-1.887029
0.904431,0.128518,-2.361665
0.905429,0.683394,2.346375
0.905637,0.927698,2.486173
0.906016,0.374303,-2.225117
0.907172,0.234253,-1.891348
0.907838,0.177494,-2.450020
0.909386,0.372792,-2.214375
0.910207,0.351494,-2.282163
0.911030,0.045578,1.883035
0.912120,0.341661,-1.773214
0.913043,1.143513,2.306623
0.914808,0.192412,-2.031818
0.915580,-0.111435,1.738632
0.916161,1.240437,2.492304
0.916791,0.011592,1.428730
0.918002,-0.091870,1.447005
0.919072,-0.183551,1.623903
0.920222,-0.009222,1.429610
0.920722,0.224942,2.026309
0.921706,0.550295,1.866210
0.922978,0.269112,2.059481
0.924400,0.659182,1.958983
0.926112,0.261929,-2.302193
0.928473,0.182914,-2.124838
0.930443,0.284100,-1.874808
0.932268,0.373099,2.131854
0.933331,0.325403,-1.832994
0.934954,1.113484,2.292679
0.936568,0.247793,-1.999971
0.937891,0.381687,-2.022781
0.939735,-0.121767,1.711587
0.940928,1.029126,2.515390
0.942366,0.264104,-2.218799
0.944237,0.221375,-2.168980
0.945647,0.336481,-2.084476
0.947103,0.164065,1.966514
0.948459,0.303681,2.076129
0.950338,0.243569,2.029860
0.953353,-0.163124,1.605264
0.958129,0.118275,1.450048
0.961692,-0.154443,1.566592
0.965378,0.446834,1.739792
0.967928,0.751818,2.031771
0.971400,0.094805,1.444563
0.973065,-0.058470,1.451835
0.975798,1.014626,2.492269
0.978275,1.000166,2.245001
0.982893,-0.038088,1.446310
0.986242,0.111198,1.449667
0.989541,0.013675,1.810019
0.993665,0.214871,1.504025
0.997083,0.123246,1.900067
0.998899,0.824141,2.408117
1.000810,0.340318,2.084471
1.003224,0.109792,1.883687
1.007325,0.935371,2.203095
1.011608,1.169366,2.424842
1.014543,1.096291,2.467615
1.018848,0.930498,2.195997
1.021985,0.302706,2.044756
1.023985,0.622809,1.905947
1.026033,0.887529,2.155921
1.028448,0.270626,2.015511
1.032809,1.048602,2.458559
1.036981,1.020084,2.248218
1.039322,0.504205,1.782404
1.043114,-0.069927,1.681387
1.046625,0.029512,1.439812
1.049143,1.151258,2.337342
1.050904,0.322530,2.047019
1.052423,0.028823,1.778581
1.053631,0.303428,2.029554
1.054926,1.141639,2.330075
1.058186,0.477700,1.746671
1.061087,1.130901,2.323442
1.063127,0.058058,1.435347
1.063127,0.058058,1.435347
1.064851,0.317596,2.035645
1.067821,1.117217,2.397789
1.069491,0.343233,2.054985
1.071921,0.474297,1.738248
1.073839,0.705468,2.317167
1.076462,0.743993,2.340684
1.078978,0.609073,2.247709
1.080156,0.632890,2.263785
1.083210,0.625842,1.896968
1.085843,1.113987,2.348611
1.089321,0.013675,1.734252
1.092701,0.639098,1.906764
1.096953,0.260520,1.965293
1.100853,0.289734,1.990419
1.104405,0.487976,1.741275
1.107091,0.511129,2.173395
1.109423,0.043014,1.452418
1.115059,0.557448,2.203746
1.119773,0.396451,1.633400
1.125501,0.905896,2.384558
1.128423,0.772929,2.335585
1.131596,0.645485,1.902807
1.135021,0.606857,1.864529
1.142457,-0.000505,1.556881
1.146311,0.951078,2.184525
1.148814,0.224177,1.504469
1.153127,0.820195,2.056497
1.156842,0.129819,1.784140
1.160120,0.080930,1.730879
1.163294,0.969702,2.205859
1.166454,0.800047,2.032263
1.168573,0.506440,1.734528
1.171429,0.366339,2.014463
1.172612,0.232179,1.871709
1.174697,0.204035,1.839350
1.179064,0.519833,2.154645
1.181256,0.516989,1.741140
1.183287,0.216069,1.843543
1.184331,0.804651,2.032060
1.186975,0.509615,1.728486
1.190185,0.265515,1.889510
1.193021,0.053971,1.620700
1.196515,0.358887,1.576190
1.197840,0.936082,2.326085
1.200650,0.425495,2.054068
1.203468,0.068953,1.581235
1.206209,0.087806,1.547268
1.207985,0.607807,1.835890
1.210770,0.172390,1.768858
1.213391,0.620619,2.217302
1.218145,0.418709,1.610950
1.220756,0.954157,2.274491
1.223866,0.956550,2.243903
1.227447,0.333361,1.920038
1.231495,0.139631,1.549465
1.233513,0.371292,1.580142
1.236639,0.461750,2.059818
1.239987,0.883824,2.291188
1.243599,0.341239,1.907320
1.249695,0.707326,2.244941
1.252992,0.602852,2.185588
1.257372,0.441143,1.621560
1.261740,0.824487,2.037089
1.265746,0.514320,2.090200
1.269981,0.369193,1.585013
1.275959,0.270193,1.781126
1.281534,0.523559,1.686860
1.287169,0.241800,1.583534
1.292260,0.513989,2.058759
1.297477,0.810176,2.014739
1.303765,0.450064,1.625991
1.310474,0.359122,1.822757
1.315012,0.546094,1.697872
1.318234,0.522630,1.675511
1.322701,0.563130,2.083720
1.328324,0.270870,1.650028
1.334292,0.527046,2.015771
1.338427,0.312897,1.718653
1.342001,0.771623,1.957077
1.345447,0.514120,1.980139
1.348933,0.657357,1.814560
1.351561,0.362702,1.639494
1.353842,0.821885,2.115156
1.356174,0.620641,2.098381
1.359739,0.345844,1.663445
1.362040,0.472510,1.888502
1.363881,0.800758,2.019493
1.365171,0.805270,2.032397
1.366350,0.589213,2.054434
1.369797,0.406782,1.782580
1.373332,0.676766,1.841926
1.379396,0.745908,2.119196
1.384427,0.567830,1.723020
1.389088,0.415215,1.708211
1.394715,0.653564,1.822064
1.399971,0.590920,1.990266
1.408257,0.637529,2.031667
1.414738,0.649058,2.027920
1.421778,0.659328,1.884464
1.433007,0.577360,1.804578
